1234 30000 10 3 0.1 70.4
1234 30000 10 3 0.01 70.2
1234 30000 10 3 0.001 69.8
1234 30000 10 5 0.1 71.8
1234 30000 10 5 0.01 70.6
1234 30000 10 5 0.001 65.0
1234 30000 10 7 0.1 70.8
1234 30000 10 7 0.01 69.8
1234 30000 10 7 0.001 66.2
1234 30000 10 10 0.1 69.8
1234 30000 10 10 0.01 68.4
1234 30000 10 10 0.001 59.6
1234 30000 10 15 0.1 70.6
1234 30000 10 15 0.01 67.0
1234 30000 10 15 0.001 50.8
1234 30000 10 20 0.1 71.6
1234 30000 10 20 0.01 68.2
1234 30000 10 20 0.001 56.0
1234 30000 10 25 0.1 70.4
1234 30000 10 25 0.01 65.2
1234 30000 10 25 0.001 57.4
1234 30000 10 30 0.1 68.0
1234 30000 10 30 0.01 64.4
1234 30000 10 30 0.001 52.2
1234 30000 20 3 0.1 71.0
1234 30000 20 3 0.01 71.4
1234 30000 20 3 0.001 70.0
1234 30000 20 5 0.1 70.6
1234 30000 20 5 0.01 71.2
1234 30000 20 5 0.001 63.8
1234 30000 20 7 0.1 70.6
1234 30000 20 7 0.01 68.6
1234 30000 20 7 0.001 60.0
1234 30000 20 10 0.1 70.8
1234 30000 20 10 0.01 70.4
1234 30000 20 10 0.001 63.6
1234 30000 20 15 0.1 70.8
1234 30000 20 15 0.01 67.8
1234 30000 20 15 0.001 56.8
1234 30000 20 20 0.1 69.2
1234 30000 20 20 0.01 67.8
1234 30000 20 20 0.001 52.8
1234 30000 20 25 0.1 70.2
1234 30000 20 25 0.01 67.0
1234 30000 20 25 0.001 54.6
1234 30000 20 30 0.1 68.6
1234 30000 20 30 0.01 63.0
1234 30000 20 30 0.001 50.2
1234 30000 30 3 0.1 71.6
1234 30000 30 3 0.01 72.0
1234 30000 30 3 0.001 70.2
1234 30000 30 5 0.1 72.0
1234 30000 30 5 0.01 70.4
1234 30000 30 5 0.001 64.6
1234 30000 30 7 0.1 69.8
1234 30000 30 7 0.01 70.0
1234 30000 30 7 0.001 55.0
1234 30000 30 10 0.1 70.2
1234 30000 30 10 0.01 66.4
1234 30000 30 10 0.001 61.8
1234 30000 30 15 0.1 70.6
1234 30000 30 15 0.01 66.4
1234 30000 30 15 0.001 61.2
1234 30000 30 20 0.1 69.6
1234 30000 30 20 0.01 62.4
1234 30000 30 20 0.001 57.6
1234 30000 30 25 0.1 69.0
1234 30000 30 25 0.01 63.2
1234 30000 30 25 0.001 53.2
1234 30000 30 30 0.1 67.6
1234 30000 30 30 0.01 64.6
1234 30000 30 30 0.001 52.2
1234 30000 50 3 0.1 71.6
1234 30000 50 3 0.01 70.0
1234 30000 50 3 0.001 69.4
1234 30000 50 5 0.1 71.8
1234 30000 50 5 0.01 69.4
1234 30000 50 5 0.001 66.2
1234 30000 50 7 0.1 70.0
1234 30000 50 7 0.01 70.8
1234 30000 50 7 0.001 67.6
1234 30000 50 10 0.1 66.2
1234 30000 50 10 0.01 66.8
1234 30000 50 10 0.001 61.6
1234 30000 50 15 0.1 69.0
1234 30000 50 15 0.01 67.2
1234 30000 50 15 0.001 53.2
1234 30000 50 20 0.1 69.4
1234 30000 50 20 0.01 67.6
1234 30000 50 20 0.001 54.4
1234 30000 50 25 0.1 66.8
1234 30000 50 25 0.01 64.8
1234 30000 50 25 0.001 58.2
1234 30000 50 30 0.1 67.4
1234 30000 50 30 0.01 59.0
1234 30000 50 30 0.001 63.4
242359 30000 10 3 0.1 90.2
242359 30000 10 3 0.01 88.4
242359 30000 10 3 0.001 90.8
242359 30000 10 5 0.1 91.0
242359 30000 10 5 0.01 89.4
242359 30000 10 5 0.001 85.8
242359 30000 10 7 0.1 91.0
242359 30000 10 7 0.01 86.8
242359 30000 10 7 0.001 79.0
242359 30000 10 10 0.1 89.4
242359 30000 10 10 0.01 87.4
242359 30000 10 10 0.001 79.0
242359 30000 10 15 0.1 89.8
242359 30000 10 15 0.01 88.0
242359 30000 10 15 0.001 73.0
242359 30000 10 20 0.1 85.0
242359 30000 10 20 0.01 80.6
242359 30000 10 20 0.001 71.8
242359 30000 10 25 0.1 85.8
242359 30000 10 25 0.01 84.4
242359 30000 10 25 0.001 65.8
242359 30000 10 30 0.1 87.6
242359 30000 10 30 0.01 80.8
242359 30000 10 30 0.001 71.4
242359 30000 20 3 0.1 91.0
242359 30000 20 3 0.01 89.0
242359 30000 20 3 0.001 88.2
242359 30000 20 5 0.1 90.0
242359 30000 20 5 0.01 89.0
242359 30000 20 5 0.001 85.2
242359 30000 20 7 0.1 87.0
242359 30000 20 7 0.01 89.4
242359 30000 20 7 0.001 83.0
242359 30000 20 10 0.1 88.8
242359 30000 20 10 0.01 87.0
242359 30000 20 10 0.001 74.0
242359 30000 20 15 0.1 87.6
242359 30000 20 15 0.01 82.0
242359 30000 20 15 0.001 73.8
242359 30000 20 20 0.1 87.0
242359 30000 20 20 0.01 79.8
242359 30000 20 20 0.001 67.4
242359 30000 20 25 0.1 86.2
242359 30000 20 25 0.01 80.6
242359 30000 20 25 0.001 66.4
242359 30000 20 30 0.1 85.2
242359 30000 20 30 0.01 82.0
242359 30000 20 30 0.001 67.0
242359 30000 30 3 0.1 87.0
242359 30000 30 3 0.01 89.8
242359 30000 30 3 0.001 88.0
242359 30000 30 5 0.1 89.8
242359 30000 30 5 0.01 87.4
242359 30000 30 5 0.001 84.2
242359 30000 30 7 0.1 87.4
242359 30000 30 7 0.01 86.6
242359 30000 30 7 0.001 72.8
242359 30000 30 10 0.1 89.8
242359 30000 30 10 0.01 86.2
242359 30000 30 10 0.001 74.6
242359 30000 30 15 0.1 84.6
242359 30000 30 15 0.01 82.8
242359 30000 30 15 0.001 70.8
242359 30000 30 20 0.1 87.0
242359 30000 30 20 0.01 81.6
242359 30000 30 20 0.001 73.0
242359 30000 30 25 0.1 85.8
242359 30000 30 25 0.01 79.4
242359 30000 30 25 0.001 67.6
242359 30000 30 30 0.1 88.4
242359 30000 30 30 0.01 75.8
242359 30000 30 30 0.001 70.6
242359 30000 50 3 0.1 88.0
242359 30000 50 3 0.01 89.8
242359 30000 50 3 0.001 88.6
242359 30000 50 5 0.1 88.2
242359 30000 50 5 0.01 88.8
242359 30000 50 5 0.001 84.8
242359 30000 50 7 0.1 83.8
242359 30000 50 7 0.01 86.2
242359 30000 50 7 0.001 80.6
242359 30000 50 10 0.1 85.2
242359 30000 50 10 0.01 81.6
242359 30000 50 10 0.001 80.0
242359 30000 50 15 0.1 77.6
242359 30000 50 15 0.01 81.2
242359 30000 50 15 0.001 62.4
242359 30000 50 20 0.1 76.4
242359 30000 50 20 0.01 81.4
242359 30000 50 20 0.001 71.0
242359 30000 50 25 0.1 84.6
242359 30000 50 25 0.01 83.2
242359 30000 50 25 0.001 66.8
242359 30000 50 30 0.1 79.2
242359 30000 50 30 0.01 81.4
242359 30000 50 30 0.001 63.6
986 30000 10 3 0.1 52.8
986 30000 10 3 0.01 53.4
986 30000 10 3 0.001 51.0
986 30000 10 5 0.1 54.0
986 30000 10 5 0.01 51.4
986 30000 10 5 0.001 50.8
986 30000 10 7 0.1 52.6
986 30000 10 7 0.01 52.2
986 30000 10 7 0.001 45.0
986 30000 10 10 0.1 52.4
986 30000 10 10 0.01 52.8
986 30000 10 10 0.001 46.2
986 30000 10 15 0.1 52.0
986 30000 10 15 0.01 48.4
986 30000 10 15 0.001 40.4
986 30000 10 20 0.1 52.0
986 30000 10 20 0.01 46.4
986 30000 10 20 0.001 39.8
986 30000 10 25 0.1 46.6
986 30000 10 25 0.01 46.8
986 30000 10 25 0.001 38.2
986 30000 10 30 0.1 49.8
986 30000 10 30 0.01 47.6
986 30000 10 30 0.001 44.8
986 30000 20 3 0.1 54.0
986 30000 20 3 0.01 53.0
986 30000 20 3 0.001 51.2
986 30000 20 5 0.1 54.0
986 30000 20 5 0.01 53.8
986 30000 20 5 0.001 49.4
986 30000 20 7 0.1 53.2
986 30000 20 7 0.01 51.4
986 30000 20 7 0.001 47.8
986 30000 20 10 0.1 51.8
986 30000 20 10 0.01 50.2
986 30000 20 10 0.001 48.2
986 30000 20 15 0.1 53.2
986 30000 20 15 0.01 49.0
986 30000 20 15 0.001 40.6
986 30000 20 20 0.1 53.0
986 30000 20 20 0.01 47.2
986 30000 20 20 0.001 46.8
986 30000 20 25 0.1 51.0
986 30000 20 25 0.01 45.6
986 30000 20 25 0.001 44.6
986 30000 20 30 0.1 51.2
986 30000 20 30 0.01 43.6
986 30000 20 30 0.001 38.0
986 30000 30 3 0.1 52.4
986 30000 30 3 0.01 54.0
986 30000 30 3 0.001 52.8
986 30000 30 5 0.1 53.6
986 30000 30 5 0.01 52.6
986 30000 30 5 0.001 47.6
986 30000 30 7 0.1 53.0
986 30000 30 7 0.01 52.0
986 30000 30 7 0.001 47.4
986 30000 30 10 0.1 50.0
986 30000 30 10 0.01 51.8
986 30000 30 10 0.001 49.4
986 30000 30 15 0.1 51.6
986 30000 30 15 0.01 49.0
986 30000 30 15 0.001 43.8
986 30000 30 20 0.1 51.2
986 30000 30 20 0.01 42.6
986 30000 30 20 0.001 39.8
986 30000 30 25 0.1 45.0
986 30000 30 25 0.01 45.2
986 30000 30 25 0.001 40.4
986 30000 30 30 0.1 47.4
986 30000 30 30 0.01 46.4
986 30000 30 30 0.001 39.2
986 30000 50 3 0.1 54.0
986 30000 50 3 0.01 54.0
986 30000 50 3 0.001 51.8
986 30000 50 5 0.1 54.0
986 30000 50 5 0.01 51.8
986 30000 50 5 0.001 49.4
986 30000 50 7 0.1 50.0
986 30000 50 7 0.01 53.4
986 30000 50 7 0.001 46.4
986 30000 50 10 0.1 51.6
986 30000 50 10 0.01 50.8
986 30000 50 10 0.001 42.4
986 30000 50 15 0.1 51.4
986 30000 50 15 0.01 45.4
986 30000 50 15 0.001 44.0
986 30000 50 20 0.1 46.2
986 30000 50 20 0.01 48.2
986 30000 50 20 0.001 40.6
986 30000 50 25 0.1 48.8
986 30000 50 25 0.01 44.0
986 30000 50 25 0.001 43.8
986 30000 50 30 0.1 44.8
986 30000 50 30 0.01 42.0
986 30000 50 30 0.001 46.6
5437 30000 10 3 0.1 101.4
5437 30000 10 3 0.01 98.8
5437 30000 10 3 0.001 100.4
5437 30000 10 5 0.1 100.6
5437 30000 10 5 0.01 98.8
5437 30000 10 5 0.001 95.4
5437 30000 10 7 0.1 98.0
5437 30000 10 7 0.01 102.4
5437 30000 10 7 0.001 96.6
5437 30000 10 10 0.1 99.4
5437 30000 10 10 0.01 92.2
5437 30000 10 10 0.001 88.2
5437 30000 10 15 0.1 100.6
5437 30000 10 15 0.01 99.2
5437 30000 10 15 0.001 84.6
5437 30000 10 20 0.1 102.0
5437 30000 10 20 0.01 96.4
5437 30000 10 20 0.001 83.0
5437 30000 10 25 0.1 99.8
5437 30000 10 25 0.01 91.4
5437 30000 10 25 0.001 72.4
5437 30000 10 30 0.1 97.2
5437 30000 10 30 0.01 96.4
5437 30000 10 30 0.001 78.2
5437 30000 20 3 0.1 100.8
5437 30000 20 3 0.01 94.8
5437 30000 20 3 0.001 100.2
5437 30000 20 5 0.1 101.0
5437 30000 20 5 0.01 103.2
5437 30000 20 5 0.001 97.6
5437 30000 20 7 0.1 97.6
5437 30000 20 7 0.01 96.2
5437 30000 20 7 0.001 93.6
5437 30000 20 10 0.1 100.6
5437 30000 20 10 0.01 98.8
5437 30000 20 10 0.001 85.6
5437 30000 20 15 0.1 98.4
5437 30000 20 15 0.01 96.0
5437 30000 20 15 0.001 79.6
5437 30000 20 20 0.1 98.4
5437 30000 20 20 0.01 91.6
5437 30000 20 20 0.001 77.4
5437 30000 20 25 0.1 93.4
5437 30000 20 25 0.01 90.8
5437 30000 20 25 0.001 71.6
5437 30000 20 30 0.1 99.8
5437 30000 20 30 0.01 93.4
5437 30000 20 30 0.001 76.2
5437 30000 30 3 0.1 100.4
5437 30000 30 3 0.01 102.4
5437 30000 30 3 0.001 103.0
5437 30000 30 5 0.1 101.2
5437 30000 30 5 0.01 94.8
5437 30000 30 5 0.001 93.0
5437 30000 30 7 0.1 101.2
5437 30000 30 7 0.01 99.6
5437 30000 30 7 0.001 93.2
5437 30000 30 10 0.1 100.2
5437 30000 30 10 0.01 92.4
5437 30000 30 10 0.001 75.0
5437 30000 30 15 0.1 97.4
5437 30000 30 15 0.01 96.6
5437 30000 30 15 0.001 76.8
5437 30000 30 20 0.1 96.0
5437 30000 30 20 0.01 95.2
5437 30000 30 20 0.001 71.2
5437 30000 30 25 0.1 96.2
5437 30000 30 25 0.01 91.8
5437 30000 30 25 0.001 77.4
5437 30000 30 30 0.1 97.4
5437 30000 30 30 0.01 93.4
5437 30000 30 30 0.001 76.0
5437 30000 50 3 0.1 96.4
5437 30000 50 3 0.01 102.2
5437 30000 50 3 0.001 98.0
5437 30000 50 5 0.1 94.0
5437 30000 50 5 0.01 97.6
5437 30000 50 5 0.001 95.6
5437 30000 50 7 0.1 100.4
5437 30000 50 7 0.01 101.2
5437 30000 50 7 0.001 91.2
5437 30000 50 10 0.1 98.4
5437 30000 50 10 0.01 99.4
5437 30000 50 10 0.001 84.2
5437 30000 50 15 0.1 99.2
5437 30000 50 15 0.01 83.8
5437 30000 50 15 0.001 67.4
5437 30000 50 20 0.1 95.8
5437 30000 50 20 0.01 93.4
5437 30000 50 20 0.001 72.0
5437 30000 50 25 0.1 95.6
5437 30000 50 25 0.01 84.2
5437 30000 50 25 0.001 72.4
5437 30000 50 30 0.1 99.2
5437 30000 50 30 0.01 93.0
5437 30000 50 30 0.001 70.6
72463 30000 10 3 0.1 58.0
72463 30000 10 3 0.01 57.8
72463 30000 10 3 0.001 57.2
72463 30000 10 5 0.1 57.4
72463 30000 10 5 0.01 54.6
72463 30000 10 5 0.001 50.6
72463 30000 10 7 0.1 58.0
72463 30000 10 7 0.01 55.4
72463 30000 10 7 0.001 44.4
72463 30000 10 10 0.1 57.4
72463 30000 10 10 0.01 52.8
72463 30000 10 10 0.001 48.0
72463 30000 10 15 0.1 57.0
72463 30000 10 15 0.01 52.8
72463 30000 10 15 0.001 39.4
72463 30000 10 20 0.1 54.6
72463 30000 10 20 0.01 50.0
72463 30000 10 20 0.001 40.2
72463 30000 10 25 0.1 55.8
72463 30000 10 25 0.01 43.6
72463 30000 10 25 0.001 34.6
72463 30000 10 30 0.1 51.4
72463 30000 10 30 0.01 48.8
72463 30000 10 30 0.001 37.4
72463 30000 20 3 0.1 57.8
72463 30000 20 3 0.01 57.4
72463 30000 20 3 0.001 54.6
72463 30000 20 5 0.1 54.6
72463 30000 20 5 0.01 56.8
72463 30000 20 5 0.001 50.2
72463 30000 20 7 0.1 58.0
72463 30000 20 7 0.01 57.4
72463 30000 20 7 0.001 40.6
72463 30000 20 10 0.1 56.4
72463 30000 20 10 0.01 51.0
72463 30000 20 10 0.001 43.6
72463 30000 20 15 0.1 54.4
72463 30000 20 15 0.01 47.2
72463 30000 20 15 0.001 40.0
72463 30000 20 20 0.1 54.6
72463 30000 20 20 0.01 51.0
72463 30000 20 20 0.001 35.6
72463 30000 20 25 0.1 54.2
72463 30000 20 25 0.01 52.0
72463 30000 20 25 0.001 36.6
72463 30000 20 30 0.1 54.6
72463 30000 20 30 0.01 45.0
72463 30000 20 30 0.001 36.6
72463 30000 30 3 0.1 58.0
72463 30000 30 3 0.01 56.4
72463 30000 30 3 0.001 52.4
72463 30000 30 5 0.1 57.2
72463 30000 30 5 0.01 54.4
72463 30000 30 5 0.001 49.0
72463 30000 30 7 0.1 56.6
72463 30000 30 7 0.01 54.6
72463 30000 30 7 0.001 43.4
72463 30000 30 10 0.1 54.2
72463 30000 30 10 0.01 47.0
72463 30000 30 10 0.001 40.6
72463 30000 30 15 0.1 53.2
72463 30000 30 15 0.01 49.4
72463 30000 30 15 0.001 40.6
72463 30000 30 20 0.1 52.0
72463 30000 30 20 0.01 46.2
72463 30000 30 20 0.001 35.0
72463 30000 30 25 0.1 51.6
72463 30000 30 25 0.01 47.8
72463 30000 30 25 0.001 37.8
72463 30000 30 30 0.1 53.8
72463 30000 30 30 0.01 48.0
72463 30000 30 30 0.001 35.2
72463 30000 50 3 0.1 58.0
72463 30000 50 3 0.01 57.0
72463 30000 50 3 0.001 54.2
72463 30000 50 5 0.1 54.2
72463 30000 50 5 0.01 54.2
72463 30000 50 5 0.001 54.6
72463 30000 50 7 0.1 51.6
72463 30000 50 7 0.01 53.6
72463 30000 50 7 0.001 45.0
72463 30000 50 10 0.1 52.4
72463 30000 50 10 0.01 51.0
72463 30000 50 10 0.001 41.2
72463 30000 50 15 0.1 55.4
72463 30000 50 15 0.01 50.4
72463 30000 50 15 0.001 41.4
72463 30000 50 20 0.1 52.6
72463 30000 50 20 0.01 52.6
72463 30000 50 20 0.001 36.8
72463 30000 50 25 0.1 52.4
72463 30000 50 25 0.01 37.2
72463 30000 50 25 0.001 37.2
72463 30000 50 30 0.1 51.4
72463 30000 50 30 0.01 40.4
72463 30000 50 30 0.001 41.0
97856 30000 10 3 0.1 85.6
97856 30000 10 3 0.01 85.0
97856 30000 10 3 0.001 84.0
97856 30000 10 5 0.1 86.0
97856 30000 10 5 0.01 86.0
97856 30000 10 5 0.001 73.6
97856 30000 10 7 0.1 83.8
97856 30000 10 7 0.01 85.4
97856 30000 10 7 0.001 78.0
97856 30000 10 10 0.1 85.4
97856 30000 10 10 0.01 78.6
97856 30000 10 10 0.001 68.2
97856 30000 10 15 0.1 86.0
97856 30000 10 15 0.01 75.8
97856 30000 10 15 0.001 66.4
97856 30000 10 20 0.1 82.4
97856 30000 10 20 0.01 76.8
97856 30000 10 20 0.001 67.8
97856 30000 10 25 0.1 84.2
97856 30000 10 25 0.01 76.0
97856 30000 10 25 0.001 66.8
97856 30000 10 30 0.1 79.4
97856 30000 10 30 0.01 70.6
97856 30000 10 30 0.001 54.0
97856 30000 20 3 0.1 85.6
97856 30000 20 3 0.01 85.4
97856 30000 20 3 0.001 81.2
97856 30000 20 5 0.1 84.6
97856 30000 20 5 0.01 83.2
97856 30000 20 5 0.001 78.8
97856 30000 20 7 0.1 85.6
97856 30000 20 7 0.01 80.2
97856 30000 20 7 0.001 74.0
97856 30000 20 10 0.1 82.6
97856 30000 20 10 0.01 84.2
97856 30000 20 10 0.001 69.8
97856 30000 20 15 0.1 86.0
97856 30000 20 15 0.01 77.0
97856 30000 20 15 0.001 64.4
97856 30000 20 20 0.1 80.8
97856 30000 20 20 0.01 74.4
97856 30000 20 20 0.001 56.6
97856 30000 20 25 0.1 79.2
97856 30000 20 25 0.01 73.4
97856 30000 20 25 0.001 57.2
97856 30000 20 30 0.1 80.0
97856 30000 20 30 0.01 72.6
97856 30000 20 30 0.001 61.8
97856 30000 30 3 0.1 86.0
97856 30000 30 3 0.01 85.2
97856 30000 30 3 0.001 84.6
97856 30000 30 5 0.1 83.4
97856 30000 30 5 0.01 84.8
97856 30000 30 5 0.001 82.6
97856 30000 30 7 0.1 84.0
97856 30000 30 7 0.01 83.0
97856 30000 30 7 0.001 75.2
97856 30000 30 10 0.1 83.2
97856 30000 30 10 0.01 75.2
97856 30000 30 10 0.001 73.8
97856 30000 30 15 0.1 81.2
97856 30000 30 15 0.01 73.2
97856 30000 30 15 0.001 64.2
97856 30000 30 20 0.1 80.0
97856 30000 30 20 0.01 73.2
97856 30000 30 20 0.001 65.0
97856 30000 30 25 0.1 80.6
97856 30000 30 25 0.01 75.0
97856 30000 30 25 0.001 59.2
97856 30000 30 30 0.1 79.2
97856 30000 30 30 0.01 81.6
97856 30000 30 30 0.001 59.8
97856 30000 50 3 0.1 84.6
97856 30000 50 3 0.01 85.2
97856 30000 50 3 0.001 79.4
97856 30000 50 5 0.1 82.2
97856 30000 50 5 0.01 85.2
97856 30000 50 5 0.001 76.8
97856 30000 50 7 0.1 78.0
97856 30000 50 7 0.01 83.2
97856 30000 50 7 0.001 72.0
97856 30000 50 10 0.1 80.4
97856 30000 50 10 0.01 76.2
97856 30000 50 10 0.001 67.6
97856 30000 50 15 0.1 81.6
97856 30000 50 15 0.01 72.6
97856 30000 50 15 0.001 62.4
97856 30000 50 20 0.1 76.4
97856 30000 50 20 0.01 71.2
97856 30000 50 20 0.001 68.0
97856 30000 50 25 0.1 77.2
97856 30000 50 25 0.01 71.6
97856 30000 50 25 0.001 59.6
97856 30000 50 30 0.1 79.0
97856 30000 50 30 0.01 74.8
97856 30000 50 30 0.001 65.0
7105 30000 10 3 0.1 72.0
7105 30000 10 3 0.01 70.2
7105 30000 10 3 0.001 70.8
7105 30000 10 5 0.1 71.0
7105 30000 10 5 0.01 68.6
7105 30000 10 5 0.001 61.2
7105 30000 10 7 0.1 70.8
7105 30000 10 7 0.01 70.8
7105 30000 10 7 0.001 59.2
7105 30000 10 10 0.1 67.6
7105 30000 10 10 0.01 65.2
7105 30000 10 10 0.001 53.2
7105 30000 10 15 0.1 69.6
7105 30000 10 15 0.01 65.4
7105 30000 10 15 0.001 52.8
7105 30000 10 20 0.1 67.0
7105 30000 10 20 0.01 64.4
7105 30000 10 20 0.001 43.2
7105 30000 10 25 0.1 67.4
7105 30000 10 25 0.01 63.0
7105 30000 10 25 0.001 50.6
7105 30000 10 30 0.1 68.0
7105 30000 10 30 0.01 62.4
7105 30000 10 30 0.001 46.8
7105 30000 20 3 0.1 70.4
7105 30000 20 3 0.01 70.8
7105 30000 20 3 0.001 64.2
7105 30000 20 5 0.1 70.4
7105 30000 20 5 0.01 68.8
7105 30000 20 5 0.001 66.0
7105 30000 20 7 0.1 67.4
7105 30000 20 7 0.01 68.6
7105 30000 20 7 0.001 54.8
7105 30000 20 10 0.1 70.2
7105 30000 20 10 0.01 67.2
7105 30000 20 10 0.001 55.8
7105 30000 20 15 0.1 67.4
7105 30000 20 15 0.01 65.8
7105 30000 20 15 0.001 58.2
7105 30000 20 20 0.1 66.0
7105 30000 20 20 0.01 65.6
7105 30000 20 20 0.001 50.2
7105 30000 20 25 0.1 66.2
7105 30000 20 25 0.01 64.8
7105 30000 20 25 0.001 50.6
7105 30000 20 30 0.1 68.8
7105 30000 20 30 0.01 58.6
7105 30000 20 30 0.001 46.6
7105 30000 30 3 0.1 72.0
7105 30000 30 3 0.01 71.4
7105 30000 30 3 0.001 69.8
7105 30000 30 5 0.1 68.2
7105 30000 30 5 0.01 69.4
7105 30000 30 5 0.001 67.8
7105 30000 30 7 0.1 69.4
7105 30000 30 7 0.01 69.0
7105 30000 30 7 0.001 59.6
7105 30000 30 10 0.1 65.2
7105 30000 30 10 0.01 65.6
7105 30000 30 10 0.001 60.2
7105 30000 30 15 0.1 69.2
7105 30000 30 15 0.01 63.0
7105 30000 30 15 0.001 52.2
7105 30000 30 20 0.1 66.8
7105 30000 30 20 0.01 63.6
7105 30000 30 20 0.001 48.4
7105 30000 30 25 0.1 68.0
7105 30000 30 25 0.01 63.0
7105 30000 30 25 0.001 53.6
7105 30000 30 30 0.1 62.6
7105 30000 30 30 0.01 55.8
7105 30000 30 30 0.001 48.0
7105 30000 50 3 0.1 70.8
7105 30000 50 3 0.01 71.4
7105 30000 50 3 0.001 70.4
7105 30000 50 5 0.1 66.4
7105 30000 50 5 0.01 68.4
7105 30000 50 5 0.001 67.2
7105 30000 50 7 0.1 63.8
7105 30000 50 7 0.01 66.4
7105 30000 50 7 0.001 64.6
7105 30000 50 10 0.1 67.2
7105 30000 50 10 0.01 62.8
7105 30000 50 10 0.001 54.2
7105 30000 50 15 0.1 63.2
7105 30000 50 15 0.01 66.4
7105 30000 50 15 0.001 54.2
7105 30000 50 20 0.1 62.6
7105 30000 50 20 0.01 59.6
7105 30000 50 20 0.001 51.8
7105 30000 50 25 0.1 68.0
7105 30000 50 25 0.01 61.6
7105 30000 50 25 0.001 40.2
7105 30000 50 30 0.1 59.2
7105 30000 50 30 0.01 60.8
7105 30000 50 30 0.001 46.2
3189 30000 10 3 0.1 95.2
3189 30000 10 3 0.01 96.0
3189 30000 10 3 0.001 94.6
3189 30000 10 5 0.1 96.0
3189 30000 10 5 0.01 92.0
3189 30000 10 5 0.001 91.4
3189 30000 10 7 0.1 95.4
3189 30000 10 7 0.01 94.2
3189 30000 10 7 0.001 88.0
3189 30000 10 10 0.1 95.8
3189 30000 10 10 0.01 93.4
3189 30000 10 10 0.001 88.0
3189 30000 10 15 0.1 90.6
3189 30000 10 15 0.01 94.6
3189 30000 10 15 0.001 74.4
3189 30000 10 20 0.1 92.8
3189 30000 10 20 0.01 86.6
3189 30000 10 20 0.001 78.6
3189 30000 10 25 0.1 94.2
3189 30000 10 25 0.01 89.4
3189 30000 10 25 0.001 75.4
3189 30000 10 30 0.1 89.6
3189 30000 10 30 0.01 88.0
3189 30000 10 30 0.001 76.4
3189 30000 20 3 0.1 94.8
3189 30000 20 3 0.01 95.8
3189 30000 20 3 0.001 94.4
3189 30000 20 5 0.1 94.6
3189 30000 20 5 0.01 95.8
3189 30000 20 5 0.001 93.8
3189 30000 20 7 0.1 94.4
3189 30000 20 7 0.01 95.4
3189 30000 20 7 0.001 89.8
3189 30000 20 10 0.1 95.0
3189 30000 20 10 0.01 94.6
3189 30000 20 10 0.001 88.0
3189 30000 20 15 0.1 89.8
3189 30000 20 15 0.01 89.0
3189 30000 20 15 0.001 82.4
3189 30000 20 20 0.1 89.2
3189 30000 20 20 0.01 90.0
3189 30000 20 20 0.001 83.8
3189 30000 20 25 0.1 87.4
3189 30000 20 25 0.01 89.8
3189 30000 20 25 0.001 77.2
3189 30000 20 30 0.1 91.4
3189 30000 20 30 0.01 89.4
3189 30000 20 30 0.001 80.6
3189 30000 30 3 0.1 96.0
3189 30000 30 3 0.01 96.0
3189 30000 30 3 0.001 95.2
3189 30000 30 5 0.1 92.8
3189 30000 30 5 0.01 95.6
3189 30000 30 5 0.001 91.8
3189 30000 30 7 0.1 90.0
3189 30000 30 7 0.01 93.4
3189 30000 30 7 0.001 92.8
3189 30000 30 10 0.1 91.4
3189 30000 30 10 0.01 94.0
3189 30000 30 10 0.001 78.8
3189 30000 30 15 0.1 93.2
3189 30000 30 15 0.01 88.2
3189 30000 30 15 0.001 78.2
3189 30000 30 20 0.1 93.6
3189 30000 30 20 0.01 89.2
3189 30000 30 20 0.001 74.2
3189 30000 30 25 0.1 92.0
3189 30000 30 25 0.01 89.2
3189 30000 30 25 0.001 75.8
3189 30000 30 30 0.1 90.8
3189 30000 30 30 0.01 90.2
3189 30000 30 30 0.001 72.4
3189 30000 50 3 0.1 94.4
3189 30000 50 3 0.01 96.0
3189 30000 50 3 0.001 95.8
3189 30000 50 5 0.1 95.4
3189 30000 50 5 0.01 96.0
3189 30000 50 5 0.001 94.2
3189 30000 50 7 0.1 93.2
3189 30000 50 7 0.01 87.4
3189 30000 50 7 0.001 92.4
3189 30000 50 10 0.1 95.8
3189 30000 50 10 0.01 93.6
3189 30000 50 10 0.001 86.4
3189 30000 50 15 0.1 83.6
3189 30000 50 15 0.01 88.8
3189 30000 50 15 0.001 76.8
3189 30000 50 20 0.1 87.8
3189 30000 50 20 0.01 81.8
3189 30000 50 20 0.001 75.6
3189 30000 50 25 0.1 85.6
3189 30000 50 25 0.01 80.8
3189 30000 50 25 0.001 73.2
3189 30000 50 30 0.1 83.4
3189 30000 50 30 0.01 89.6
3189 30000 50 30 0.001 79.0
13594 30000 10 3 0.1 81.0
13594 30000 10 3 0.01 81.0
13594 30000 10 3 0.001 79.6
13594 30000 10 5 0.1 81.0
13594 30000 10 5 0.01 81.0
13594 30000 10 5 0.001 72.6
13594 30000 10 7 0.1 81.0
13594 30000 10 7 0.01 78.0
13594 30000 10 7 0.001 73.4
13594 30000 10 10 0.1 79.8
13594 30000 10 10 0.01 78.0
13594 30000 10 10 0.001 63.2
13594 30000 10 15 0.1 74.6
13594 30000 10 15 0.01 74.0
13594 30000 10 15 0.001 63.6
13594 30000 10 20 0.1 80.0
13594 30000 10 20 0.01 70.6
13594 30000 10 20 0.001 59.6
13594 30000 10 25 0.1 78.4
13594 30000 10 25 0.01 71.8
13594 30000 10 25 0.001 60.6
13594 30000 10 30 0.1 77.0
13594 30000 10 30 0.01 69.6
13594 30000 10 30 0.001 60.4
13594 30000 20 3 0.1 81.0
13594 30000 20 3 0.01 81.0
13594 30000 20 3 0.001 79.4
13594 30000 20 5 0.1 81.0
13594 30000 20 5 0.01 81.0
13594 30000 20 5 0.001 76.8
13594 30000 20 7 0.1 80.2
13594 30000 20 7 0.01 78.0
13594 30000 20 7 0.001 75.2
13594 30000 20 10 0.1 78.6
13594 30000 20 10 0.01 76.4
13594 30000 20 10 0.001 62.6
13594 30000 20 15 0.1 78.6
13594 30000 20 15 0.01 70.4
13594 30000 20 15 0.001 65.6
13594 30000 20 20 0.1 76.8
13594 30000 20 20 0.01 76.2
13594 30000 20 20 0.001 57.6
13594 30000 20 25 0.1 76.4
13594 30000 20 25 0.01 69.2
13594 30000 20 25 0.001 59.6
13594 30000 20 30 0.1 74.0
13594 30000 20 30 0.01 72.8
13594 30000 20 30 0.001 61.4
13594 30000 30 3 0.1 81.0
13594 30000 30 3 0.01 80.2
13594 30000 30 3 0.001 81.0
13594 30000 30 5 0.1 81.0
13594 30000 30 5 0.01 80.6
13594 30000 30 5 0.001 75.6
13594 30000 30 7 0.1 77.6
13594 30000 30 7 0.01 77.6
13594 30000 30 7 0.001 68.0
13594 30000 30 10 0.1 76.6
13594 30000 30 10 0.01 78.2
13594 30000 30 10 0.001 65.4
13594 30000 30 15 0.1 76.2
13594 30000 30 15 0.01 75.4
13594 30000 30 15 0.001 65.6
13594 30000 30 20 0.1 74.4
13594 30000 30 20 0.01 71.0
13594 30000 30 20 0.001 59.0
13594 30000 30 25 0.1 73.2
13594 30000 30 25 0.01 65.6
13594 30000 30 25 0.001 59.0
13594 30000 30 30 0.1 72.6
13594 30000 30 30 0.01 65.2
13594 30000 30 30 0.001 61.0
13594 30000 50 3 0.1 81.0
13594 30000 50 3 0.01 81.0
13594 30000 50 3 0.001 80.2
13594 30000 50 5 0.1 79.4
13594 30000 50 5 0.01 81.0
13594 30000 50 5 0.001 80.0
13594 30000 50 7 0.1 72.6
13594 30000 50 7 0.01 80.6
13594 30000 50 7 0.001 70.8
13594 30000 50 10 0.1 70.8
13594 30000 50 10 0.01 71.2
13594 30000 50 10 0.001 61.0
13594 30000 50 15 0.1 71.6
13594 30000 50 15 0.01 73.6
13594 30000 50 15 0.001 60.4
13594 30000 50 20 0.1 71.0
13594 30000 50 20 0.01 72.0
13594 30000 50 20 0.001 60.4
13594 30000 50 25 0.1 71.4
13594 30000 50 25 0.01 68.6
13594 30000 50 25 0.001 60.8
13594 30000 50 30 0.1 73.2
13594 30000 50 30 0.01 65.8
13594 30000 50 30 0.001 59.8
4 30000 10 3 0.1 59.2
4 30000 10 3 0.01 58.8
4 30000 10 3 0.001 57.0
4 30000 10 5 0.1 58.6
4 30000 10 5 0.01 59.0
4 30000 10 5 0.001 50.4
4 30000 10 7 0.1 59.8
4 30000 10 7 0.01 58.0
4 30000 10 7 0.001 48.0
4 30000 10 10 0.1 57.2
4 30000 10 10 0.01 58.8
4 30000 10 10 0.001 41.8
4 30000 10 15 0.1 58.4
4 30000 10 15 0.01 54.8
4 30000 10 15 0.001 48.2
4 30000 10 20 0.1 56.0
4 30000 10 20 0.01 54.8
4 30000 10 20 0.001 43.6
4 30000 10 25 0.1 56.0
4 30000 10 25 0.01 51.6
4 30000 10 25 0.001 43.4
4 30000 10 30 0.1 60.0
4 30000 10 30 0.01 52.2
4 30000 10 30 0.001 45.4
4 30000 20 3 0.1 59.2
4 30000 20 3 0.01 58.0
4 30000 20 3 0.001 57.0
4 30000 20 5 0.1 56.0
4 30000 20 5 0.01 59.0
4 30000 20 5 0.001 52.6
4 30000 20 7 0.1 57.0
4 30000 20 7 0.01 59.0
4 30000 20 7 0.001 51.4
4 30000 20 10 0.1 59.8
4 30000 20 10 0.01 55.4
4 30000 20 10 0.001 48.4
4 30000 20 15 0.1 53.6
4 30000 20 15 0.01 53.6
4 30000 20 15 0.001 42.0
4 30000 20 20 0.1 57.8
4 30000 20 20 0.01 55.2
4 30000 20 20 0.001 43.8
4 30000 20 25 0.1 51.6
4 30000 20 25 0.01 54.0
4 30000 20 25 0.001 43.4
4 30000 20 30 0.1 57.4
4 30000 20 30 0.01 51.6
4 30000 20 30 0.001 44.0
4 30000 30 3 0.1 58.6
4 30000 30 3 0.01 59.8
4 30000 30 3 0.001 56.4
4 30000 30 5 0.1 58.0
4 30000 30 5 0.01 59.2
4 30000 30 5 0.001 51.2
4 30000 30 7 0.1 59.4
4 30000 30 7 0.01 55.8
4 30000 30 7 0.001 48.2
4 30000 30 10 0.1 53.6
4 30000 30 10 0.01 54.6
4 30000 30 10 0.001 45.2
4 30000 30 15 0.1 52.6
4 30000 30 15 0.01 52.8
4 30000 30 15 0.001 49.2
4 30000 30 20 0.1 54.4
4 30000 30 20 0.01 53.4
4 30000 30 20 0.001 48.4
4 30000 30 25 0.1 58.4
4 30000 30 25 0.01 48.6
4 30000 30 25 0.001 41.4
4 30000 30 30 0.1 55.0
4 30000 30 30 0.01 53.2
4 30000 30 30 0.001 40.4
4 30000 50 3 0.1 59.2
4 30000 50 3 0.01 59.6
4 30000 50 3 0.001 57.6
4 30000 50 5 0.1 59.4
4 30000 50 5 0.01 58.8
4 30000 50 5 0.001 50.8
4 30000 50 7 0.1 56.8
4 30000 50 7 0.01 56.0
4 30000 50 7 0.001 48.6
4 30000 50 10 0.1 57.4
4 30000 50 10 0.01 54.4
4 30000 50 10 0.001 45.0
4 30000 50 15 0.1 54.4
4 30000 50 15 0.01 54.2
4 30000 50 15 0.001 38.6
4 30000 50 20 0.1 53.4
4 30000 50 20 0.01 49.0
4 30000 50 20 0.001 46.8
4 30000 50 25 0.1 53.0
4 30000 50 25 0.01 54.2
4 30000 50 25 0.001 35.2
4 30000 50 30 0.1 56.4
4 30000 50 30 0.01 51.4
4 30000 50 30 0.001 43.2
