1234 5000 5 1 0.1 71.4
242359 5000 5 1 0.1 91.0
986 5000 5 1 0.1 54.0
5437 5000 5 1 0.1 102.0
72463 5000 5 1 0.1 58.0
97856 5000 5 1 0.1 83.4
7105 5000 5 1 0.1 72.0
3189 5000 5 1 0.1 95.4
13594 5000 5 1 0.1 81.0
4 5000 5 1 0.1 60.0
Media:5000 5 1 0.1 76.82
1234 5000 5 1 0.01 71.6
242359 5000 5 1 0.01 91.0
986 5000 5 1 0.01 53.6
5437 5000 5 1 0.01 97.8
72463 5000 5 1 0.01 57.2
97856 5000 5 1 0.01 83.6
7105 5000 5 1 0.01 72.0
3189 5000 5 1 0.01 96.0
13594 5000 5 1 0.01 81.0
4 5000 5 1 0.01 60.0
Media:5000 5 1 0.01 76.38
1234 5000 5 1 0.001 71.2
242359 5000 5 1 0.001 90.4
986 5000 5 1 0.001 54.0
5437 5000 5 1 0.001 100.8
72463 5000 5 1 0.001 57.0
97856 5000 5 1 0.001 86.0
7105 5000 5 1 0.001 71.4
3189 5000 5 1 0.001 95.0
13594 5000 5 1 0.001 81.0
4 5000 5 1 0.001 60.0
Media:5000 5 1 0.001 76.68
1234 5000 5 1 1.0 69.8
242359 5000 5 1 1.0 88.0
986 5000 5 1 1.0 54.0
5437 5000 5 1 1.0 99.0
72463 5000 5 1 1.0 57.6
97856 5000 5 1 1.0 83.6
7105 5000 5 1 1.0 72.0
3189 5000 5 1 1.0 95.8
13594 5000 5 1 1.0 78.0
4 5000 5 1 1.0 58.4
Media:5000 5 1 1.0 75.61999999999999
1234 5000 5 2 0.1 71.8
242359 5000 5 2 0.1 88.8
986 5000 5 2 0.1 54.0
5437 5000 5 2 0.1 100.2
72463 5000 5 2 0.1 58.0
97856 5000 5 2 0.1 85.6
7105 5000 5 2 0.1 72.0
3189 5000 5 2 0.1 96.0
13594 5000 5 2 0.1 81.0
4 5000 5 2 0.1 60.0
Media:5000 5 2 0.1 76.74
1234 5000 5 2 0.01 71.4
242359 5000 5 2 0.01 90.0
986 5000 5 2 0.01 54.0
5437 5000 5 2 0.01 100.2
72463 5000 5 2 0.01 57.4
97856 5000 5 2 0.01 86.0
7105 5000 5 2 0.01 72.0
3189 5000 5 2 0.01 95.2
13594 5000 5 2 0.01 81.0
4 5000 5 2 0.01 60.0
Media:5000 5 2 0.01 76.72
1234 5000 5 2 0.001 70.6
242359 5000 5 2 0.001 91.0
986 5000 5 2 0.001 51.4
5437 5000 5 2 0.001 102.2
72463 5000 5 2 0.001 58.0
97856 5000 5 2 0.001 83.2
7105 5000 5 2 0.001 70.2
3189 5000 5 2 0.001 93.8
13594 5000 5 2 0.001 81.0
4 5000 5 2 0.001 58.4
Media:5000 5 2 0.001 75.97999999999999
1234 5000 5 2 1.0 69.2
242359 5000 5 2 1.0 87.4
986 5000 5 2 1.0 54.0
5437 5000 5 2 1.0 97.0
72463 5000 5 2 1.0 56.8
97856 5000 5 2 1.0 82.4
7105 5000 5 2 1.0 71.8
3189 5000 5 2 1.0 95.8
13594 5000 5 2 1.0 78.8
4 5000 5 2 1.0 58.8
Media:5000 5 2 1.0 75.19999999999999
1234 5000 5 3 0.1 71.4
242359 5000 5 3 0.1 90.0
986 5000 5 3 0.1 54.0
5437 5000 5 3 0.1 100.4
72463 5000 5 3 0.1 58.0
97856 5000 5 3 0.1 86.0
7105 5000 5 3 0.1 72.0
3189 5000 5 3 0.1 95.4
13594 5000 5 3 0.1 81.0
4 5000 5 3 0.1 59.2
Media:5000 5 3 0.1 76.74
1234 5000 5 3 0.01 70.6
242359 5000 5 3 0.01 87.8
986 5000 5 3 0.01 53.2
5437 5000 5 3 0.01 98.4
72463 5000 5 3 0.01 57.4
97856 5000 5 3 0.01 84.6
7105 5000 5 3 0.01 70.4
3189 5000 5 3 0.01 95.2
13594 5000 5 3 0.01 78.6
4 5000 5 3 0.01 57.2
Media:5000 5 3 0.01 75.34
1234 5000 5 3 0.001 68.0
242359 5000 5 3 0.001 88.2
986 5000 5 3 0.001 50.2
5437 5000 5 3 0.001 97.6
72463 5000 5 3 0.001 53.6
97856 5000 5 3 0.001 81.6
7105 5000 5 3 0.001 69.4
3189 5000 5 3 0.001 93.8
13594 5000 5 3 0.001 79.4
4 5000 5 3 0.001 56.6
Media:5000 5 3 0.001 73.84
1234 5000 5 3 1.0 70.4
242359 5000 5 3 1.0 89.8
986 5000 5 3 1.0 54.0
5437 5000 5 3 1.0 97.2
72463 5000 5 3 1.0 57.0
97856 5000 5 3 1.0 82.8
7105 5000 5 3 1.0 72.0
3189 5000 5 3 1.0 95.8
13594 5000 5 3 1.0 79.2
4 5000 5 3 1.0 58.6
Media:5000 5 3 1.0 75.68
1234 5000 5 4 0.1 71.2
242359 5000 5 4 0.1 91.0
986 5000 5 4 0.1 54.0
5437 5000 5 4 0.1 98.4
72463 5000 5 4 0.1 56.8
97856 5000 5 4 0.1 85.4
7105 5000 5 4 0.1 70.6
3189 5000 5 4 0.1 95.2
13594 5000 5 4 0.1 81.0
4 5000 5 4 0.1 58.6
Media:5000 5 4 0.1 76.22000000000001
1234 5000 5 4 0.01 70.4
242359 5000 5 4 0.01 90.2
986 5000 5 4 0.01 53.2
5437 5000 5 4 0.01 97.0
72463 5000 5 4 0.01 56.6
97856 5000 5 4 0.01 86.0
7105 5000 5 4 0.01 69.0
3189 5000 5 4 0.01 96.0
13594 5000 5 4 0.01 81.0
4 5000 5 4 0.01 58.8
Media:5000 5 4 0.01 75.82000000000001
1234 5000 5 4 0.001 66.8
242359 5000 5 4 0.001 89.2
986 5000 5 4 0.001 51.6
5437 5000 5 4 0.001 97.2
72463 5000 5 4 0.001 52.2
97856 5000 5 4 0.001 81.2
7105 5000 5 4 0.001 62.2
3189 5000 5 4 0.001 94.2
13594 5000 5 4 0.001 76.0
4 5000 5 4 0.001 52.6
Media:5000 5 4 0.001 72.32000000000001
1234 5000 5 4 1.0 70.2
242359 5000 5 4 1.0 85.4
986 5000 5 4 1.0 54.0
5437 5000 5 4 1.0 96.0
72463 5000 5 4 1.0 56.0
97856 5000 5 4 1.0 85.6
7105 5000 5 4 1.0 72.0
3189 5000 5 4 1.0 95.8
13594 5000 5 4 1.0 79.2
4 5000 5 4 1.0 56.6
Media:5000 5 4 1.0 75.08000000000001
1234 5000 5 5 0.1 70.2
242359 5000 5 5 0.1 91.0
986 5000 5 5 0.1 54.0
5437 5000 5 5 0.1 103.2
72463 5000 5 5 0.1 56.4
97856 5000 5 5 0.1 84.6
7105 5000 5 5 0.1 71.4
3189 5000 5 5 0.1 95.4
13594 5000 5 5 0.1 80.6
4 5000 5 5 0.1 58.2
Media:5000 5 5 0.1 76.5
1234 5000 5 5 0.01 66.8
242359 5000 5 5 0.01 82.8
986 5000 5 5 0.01 52.8
5437 5000 5 5 0.01 96.8
72463 5000 5 5 0.01 56.8
97856 5000 5 5 0.01 84.4
7105 5000 5 5 0.01 70.8
3189 5000 5 5 0.01 93.4
13594 5000 5 5 0.01 80.2
4 5000 5 5 0.01 57.4
Media:5000 5 5 0.01 74.22
1234 5000 5 5 0.001 64.4
242359 5000 5 5 0.001 88.0
986 5000 5 5 0.001 48.4
5437 5000 5 5 0.001 100.4
72463 5000 5 5 0.001 49.0
97856 5000 5 5 0.001 77.8
7105 5000 5 5 0.001 60.4
3189 5000 5 5 0.001 92.0
13594 5000 5 5 0.001 72.2
4 5000 5 5 0.001 47.0
Media:5000 5 5 0.001 69.96000000000001
1234 5000 5 5 1.0 70.0
242359 5000 5 5 1.0 87.6
986 5000 5 5 1.0 54.0
5437 5000 5 5 1.0 98.0
72463 5000 5 5 1.0 55.4
97856 5000 5 5 1.0 82.8
7105 5000 5 5 1.0 70.4
3189 5000 5 5 1.0 95.8
13594 5000 5 5 1.0 76.4
4 5000 5 5 1.0 57.6
Media:5000 5 5 1.0 74.8
1234 5000 5 6 0.1 71.0
242359 5000 5 6 0.1 90.2
986 5000 5 6 0.1 54.0
5437 5000 5 6 0.1 95.0
72463 5000 5 6 0.1 58.0
97856 5000 5 6 0.1 85.6
7105 5000 5 6 0.1 71.4
3189 5000 5 6 0.1 94.8
13594 5000 5 6 0.1 81.0
4 5000 5 6 0.1 58.6
Media:5000 5 6 0.1 75.96
1234 5000 5 6 0.01 67.8
242359 5000 5 6 0.01 87.6
986 5000 5 6 0.01 52.4
5437 5000 5 6 0.01 96.2
72463 5000 5 6 0.01 53.0
97856 5000 5 6 0.01 84.2
7105 5000 5 6 0.01 69.6
3189 5000 5 6 0.01 92.2
13594 5000 5 6 0.01 81.0
4 5000 5 6 0.01 56.2
Media:5000 5 6 0.01 74.02000000000001
1234 5000 5 6 0.001 65.2
242359 5000 5 6 0.001 82.2
986 5000 5 6 0.001 44.2
5437 5000 5 6 0.001 90.8
72463 5000 5 6 0.001 45.6
97856 5000 5 6 0.001 72.4
7105 5000 5 6 0.001 51.2
3189 5000 5 6 0.001 87.0
13594 5000 5 6 0.001 67.8
4 5000 5 6 0.001 44.4
Media:5000 5 6 0.001 65.08000000000001
1234 5000 5 6 1.0 69.8
242359 5000 5 6 1.0 88.4
986 5000 5 6 1.0 54.0
5437 5000 5 6 1.0 99.4
72463 5000 5 6 1.0 56.4
97856 5000 5 6 1.0 80.0
7105 5000 5 6 1.0 67.0
3189 5000 5 6 1.0 95.8
13594 5000 5 6 1.0 79.4
4 5000 5 6 1.0 57.2
Media:5000 5 6 1.0 74.74
1234 5000 5 7 0.1 71.0
242359 5000 5 7 0.1 89.4
986 5000 5 7 0.1 53.0
5437 5000 5 7 0.1 103.0
72463 5000 5 7 0.1 58.0
97856 5000 5 7 0.1 84.4
7105 5000 5 7 0.1 72.0
3189 5000 5 7 0.1 88.8
13594 5000 5 7 0.1 79.2
4 5000 5 7 0.1 60.0
Media:5000 5 7 0.1 75.88
1234 5000 5 7 0.01 70.8
242359 5000 5 7 0.01 89.0
986 5000 5 7 0.01 49.8
5437 5000 5 7 0.01 98.0
72463 5000 5 7 0.01 55.4
97856 5000 5 7 0.01 80.4
7105 5000 5 7 0.01 65.6
3189 5000 5 7 0.01 91.2
13594 5000 5 7 0.01 80.6
4 5000 5 7 0.01 56.0
Media:5000 5 7 0.01 73.68
1234 5000 5 7 0.001 59.8
242359 5000 5 7 0.001 70.0
986 5000 5 7 0.001 48.4
5437 5000 5 7 0.001 86.8
72463 5000 5 7 0.001 46.4
97856 5000 5 7 0.001 72.8
7105 5000 5 7 0.001 49.4
3189 5000 5 7 0.001 85.4
13594 5000 5 7 0.001 69.8
4 5000 5 7 0.001 38.2
Media:5000 5 7 0.001 62.7
1234 5000 5 7 1.0 70.0
242359 5000 5 7 1.0 88.4
986 5000 5 7 1.0 53.2
5437 5000 5 7 1.0 97.8
72463 5000 5 7 1.0 56.6
97856 5000 5 7 1.0 82.2
7105 5000 5 7 1.0 68.6
3189 5000 5 7 1.0 93.6
13594 5000 5 7 1.0 79.2
4 5000 5 7 1.0 55.8
Media:5000 5 7 1.0 74.54
1234 5000 5 8 0.1 70.4
242359 5000 5 8 0.1 89.8
986 5000 5 8 0.1 54.0
5437 5000 5 8 0.1 100.6
72463 5000 5 8 0.1 55.2
97856 5000 5 8 0.1 85.6
7105 5000 5 8 0.1 71.4
3189 5000 5 8 0.1 95.4
13594 5000 5 8 0.1 81.0
4 5000 5 8 0.1 58.0
Media:5000 5 8 0.1 76.13999999999999
1234 5000 5 8 0.01 69.8
242359 5000 5 8 0.01 81.6
986 5000 5 8 0.01 50.4
5437 5000 5 8 0.01 95.8
72463 5000 5 8 0.01 56.2
97856 5000 5 8 0.01 82.2
7105 5000 5 8 0.01 66.2
3189 5000 5 8 0.01 92.0
13594 5000 5 8 0.01 78.2
4 5000 5 8 0.01 53.2
Media:5000 5 8 0.01 72.56
1234 5000 5 8 0.001 57.6
242359 5000 5 8 0.001 80.2
986 5000 5 8 0.001 43.4
5437 5000 5 8 0.001 83.0
72463 5000 5 8 0.001 43.6
97856 5000 5 8 0.001 71.2
7105 5000 5 8 0.001 56.6
3189 5000 5 8 0.001 82.0
13594 5000 5 8 0.001 66.4
4 5000 5 8 0.001 41.4
Media:5000 5 8 0.001 62.540000000000006
1234 5000 5 8 1.0 70.0
242359 5000 5 8 1.0 86.2
986 5000 5 8 1.0 53.2
5437 5000 5 8 1.0 98.8
72463 5000 5 8 1.0 56.0
97856 5000 5 8 1.0 81.2
7105 5000 5 8 1.0 71.6
3189 5000 5 8 1.0 95.8
13594 5000 5 8 1.0 77.6
4 5000 5 8 1.0 57.2
Media:5000 5 8 1.0 74.76
1234 5000 5 9 0.1 71.0
242359 5000 5 9 0.1 88.0
986 5000 5 9 0.1 53.0
5437 5000 5 9 0.1 101.8
72463 5000 5 9 0.1 56.6
97856 5000 5 9 0.1 85.6
7105 5000 5 9 0.1 70.4
3189 5000 5 9 0.1 89.2
13594 5000 5 9 0.1 81.0
4 5000 5 9 0.1 57.2
Media:5000 5 9 0.1 75.38000000000001
1234 5000 5 9 0.01 69.6
242359 5000 5 9 0.01 87.0
986 5000 5 9 0.01 50.0
5437 5000 5 9 0.01 96.2
72463 5000 5 9 0.01 50.6
97856 5000 5 9 0.01 80.6
7105 5000 5 9 0.01 64.2
3189 5000 5 9 0.01 93.6
13594 5000 5 9 0.01 79.6
4 5000 5 9 0.01 51.4
Media:5000 5 9 0.01 72.28
1234 5000 5 9 0.001 61.2
242359 5000 5 9 0.001 68.6
986 5000 5 9 0.001 40.8
5437 5000 5 9 0.001 82.4
72463 5000 5 9 0.001 36.8
97856 5000 5 9 0.001 71.2
7105 5000 5 9 0.001 49.8
3189 5000 5 9 0.001 80.4
13594 5000 5 9 0.001 59.8
4 5000 5 9 0.001 46.4
Media:5000 5 9 0.001 59.739999999999995
1234 5000 5 9 1.0 69.6
242359 5000 5 9 1.0 87.4
986 5000 5 9 1.0 52.0
5437 5000 5 9 1.0 92.0
72463 5000 5 9 1.0 57.6
97856 5000 5 9 1.0 82.8
7105 5000 5 9 1.0 72.0
3189 5000 5 9 1.0 91.2
13594 5000 5 9 1.0 78.8
4 5000 5 9 1.0 54.6
Media:5000 5 9 1.0 73.80000000000001
1234 5000 5 10 0.1 70.0
242359 5000 5 10 0.1 89.2
986 5000 5 10 0.1 52.4
5437 5000 5 10 0.1 99.6
72463 5000 5 10 0.1 54.0
97856 5000 5 10 0.1 84.0
7105 5000 5 10 0.1 69.8
3189 5000 5 10 0.1 93.6
13594 5000 5 10 0.1 81.0
4 5000 5 10 0.1 57.8
Media:5000 5 10 0.1 75.14
1234 5000 5 10 0.01 64.2
242359 5000 5 10 0.01 85.0
986 5000 5 10 0.01 50.4
5437 5000 5 10 0.01 96.2
72463 5000 5 10 0.01 52.0
97856 5000 5 10 0.01 80.2
7105 5000 5 10 0.01 62.4
3189 5000 5 10 0.01 91.0
13594 5000 5 10 0.01 77.6
4 5000 5 10 0.01 56.2
Media:5000 5 10 0.01 71.52000000000001
1234 5000 5 10 0.001 56.0
242359 5000 5 10 0.001 65.4
986 5000 5 10 0.001 39.4
5437 5000 5 10 0.001 80.2
72463 5000 5 10 0.001 43.8
97856 5000 5 10 0.001 64.6
7105 5000 5 10 0.001 53.8
3189 5000 5 10 0.001 70.4
13594 5000 5 10 0.001 64.2
4 5000 5 10 0.001 43.6
Media:5000 5 10 0.001 58.14000000000001
1234 5000 5 10 1.0 70.0
242359 5000 5 10 1.0 88.0
986 5000 5 10 1.0 52.2
5437 5000 5 10 1.0 99.2
72463 5000 5 10 1.0 57.2
97856 5000 5 10 1.0 83.2
7105 5000 5 10 1.0 72.0
3189 5000 5 10 1.0 93.4
13594 5000 5 10 1.0 77.4
4 5000 5 10 1.0 58.8
Media:5000 5 10 1.0 75.13999999999999
1234 5000 10 1 0.1 71.6
242359 5000 10 1 0.1 91.0
986 5000 10 1 0.1 54.0
5437 5000 10 1 0.1 102.4
72463 5000 10 1 0.1 58.0
97856 5000 10 1 0.1 86.0
7105 5000 10 1 0.1 72.0
3189 5000 10 1 0.1 96.0
13594 5000 10 1 0.1 81.0
4 5000 10 1 0.1 60.0
Media:5000 10 1 0.1 77.2
1234 5000 10 1 0.01 71.2
242359 5000 10 1 0.01 88.8
986 5000 10 1 0.01 54.0
5437 5000 10 1 0.01 99.6
72463 5000 10 1 0.01 57.4
97856 5000 10 1 0.01 83.8
7105 5000 10 1 0.01 72.0
3189 5000 10 1 0.01 96.0
13594 5000 10 1 0.01 81.0
4 5000 10 1 0.01 57.8
Media:5000 10 1 0.01 76.16
1234 5000 10 1 0.001 69.2
242359 5000 10 1 0.001 88.4
986 5000 10 1 0.001 53.6
5437 5000 10 1 0.001 103.2
72463 5000 10 1 0.001 57.4
97856 5000 10 1 0.001 86.0
7105 5000 10 1 0.001 71.4
3189 5000 10 1 0.001 95.2
13594 5000 10 1 0.001 81.0
4 5000 10 1 0.001 60.0
Media:5000 10 1 0.001 76.54
1234 5000 10 1 1.0 70.2
242359 5000 10 1 1.0 89.0
986 5000 10 1 1.0 54.0
5437 5000 10 1 1.0 97.6
72463 5000 10 1 1.0 57.6
97856 5000 10 1 1.0 83.6
7105 5000 10 1 1.0 71.8
3189 5000 10 1 1.0 95.8
13594 5000 10 1 1.0 78.6
4 5000 10 1 1.0 57.2
Media:5000 10 1 1.0 75.53999999999999
1234 5000 10 2 0.1 70.8
242359 5000 10 2 0.1 91.0
986 5000 10 2 0.1 54.0
5437 5000 10 2 0.1 101.2
72463 5000 10 2 0.1 58.0
97856 5000 10 2 0.1 86.0
7105 5000 10 2 0.1 72.0
3189 5000 10 2 0.1 94.8
13594 5000 10 2 0.1 81.0
4 5000 10 2 0.1 60.0
Media:5000 10 2 0.1 76.88
1234 5000 10 2 0.01 71.6
242359 5000 10 2 0.01 90.4
986 5000 10 2 0.01 53.2
5437 5000 10 2 0.01 101.6
72463 5000 10 2 0.01 58.0
97856 5000 10 2 0.01 85.6
7105 5000 10 2 0.01 72.0
3189 5000 10 2 0.01 95.2
13594 5000 10 2 0.01 81.0
4 5000 10 2 0.01 60.0
Media:5000 10 2 0.01 76.86
1234 5000 10 2 0.001 70.2
242359 5000 10 2 0.001 90.0
986 5000 10 2 0.001 53.4
5437 5000 10 2 0.001 102.8
72463 5000 10 2 0.001 57.8
97856 5000 10 2 0.001 84.0
7105 5000 10 2 0.001 69.4
3189 5000 10 2 0.001 95.0
13594 5000 10 2 0.001 81.0
4 5000 10 2 0.001 58.2
Media:5000 10 2 0.001 76.18
1234 5000 10 2 1.0 70.6
242359 5000 10 2 1.0 86.8
986 5000 10 2 1.0 54.0
5437 5000 10 2 1.0 98.2
72463 5000 10 2 1.0 56.4
97856 5000 10 2 1.0 84.4
7105 5000 10 2 1.0 70.2
3189 5000 10 2 1.0 95.8
13594 5000 10 2 1.0 78.0
4 5000 10 2 1.0 57.0
Media:5000 10 2 1.0 75.14
1234 5000 10 3 0.1 71.6
242359 5000 10 3 0.1 89.0
986 5000 10 3 0.1 54.0
5437 5000 10 3 0.1 101.4
72463 5000 10 3 0.1 58.0
97856 5000 10 3 0.1 85.6
7105 5000 10 3 0.1 71.4
3189 5000 10 3 0.1 96.0
13594 5000 10 3 0.1 81.0
4 5000 10 3 0.1 60.0
Media:5000 10 3 0.1 76.8
1234 5000 10 3 0.01 68.4
242359 5000 10 3 0.01 87.0
986 5000 10 3 0.01 54.0
5437 5000 10 3 0.01 99.0
72463 5000 10 3 0.01 57.8
97856 5000 10 3 0.01 81.6
7105 5000 10 3 0.01 66.8
3189 5000 10 3 0.01 93.6
13594 5000 10 3 0.01 81.0
4 5000 10 3 0.01 60.0
Media:5000 10 3 0.01 74.91999999999999
1234 5000 10 3 0.001 69.0
242359 5000 10 3 0.001 88.6
986 5000 10 3 0.001 53.2
5437 5000 10 3 0.001 102.2
72463 5000 10 3 0.001 55.0
97856 5000 10 3 0.001 82.8
7105 5000 10 3 0.001 68.4
3189 5000 10 3 0.001 93.0
13594 5000 10 3 0.001 79.2
4 5000 10 3 0.001 56.2
Media:5000 10 3 0.001 74.76000000000002
1234 5000 10 3 1.0 69.0
242359 5000 10 3 1.0 89.0
986 5000 10 3 1.0 53.2
5437 5000 10 3 1.0 97.6
72463 5000 10 3 1.0 57.2
97856 5000 10 3 1.0 83.2
7105 5000 10 3 1.0 69.6
3189 5000 10 3 1.0 95.8
13594 5000 10 3 1.0 78.8
4 5000 10 3 1.0 57.0
Media:5000 10 3 1.0 75.03999999999999
1234 5000 10 4 0.1 71.4
242359 5000 10 4 0.1 90.0
986 5000 10 4 0.1 54.0
5437 5000 10 4 0.1 97.6
72463 5000 10 4 0.1 57.0
97856 5000 10 4 0.1 83.8
7105 5000 10 4 0.1 72.0
3189 5000 10 4 0.1 94.4
13594 5000 10 4 0.1 81.0
4 5000 10 4 0.1 60.0
Media:5000 10 4 0.1 76.11999999999999
1234 5000 10 4 0.01 70.4
242359 5000 10 4 0.01 86.8
986 5000 10 4 0.01 53.8
5437 5000 10 4 0.01 99.8
72463 5000 10 4 0.01 57.0
97856 5000 10 4 0.01 83.8
7105 5000 10 4 0.01 71.2
3189 5000 10 4 0.01 95.2
13594 5000 10 4 0.01 81.0
4 5000 10 4 0.01 59.4
Media:5000 10 4 0.01 75.84
1234 5000 10 4 0.001 66.2
242359 5000 10 4 0.001 87.8
986 5000 10 4 0.001 50.0
5437 5000 10 4 0.001 92.2
72463 5000 10 4 0.001 52.6
97856 5000 10 4 0.001 83.8
7105 5000 10 4 0.001 67.0
3189 5000 10 4 0.001 90.2
13594 5000 10 4 0.001 77.4
4 5000 10 4 0.001 52.6
Media:5000 10 4 0.001 71.98
1234 5000 10 4 1.0 70.4
242359 5000 10 4 1.0 88.6
986 5000 10 4 1.0 53.2
5437 5000 10 4 1.0 98.0
72463 5000 10 4 1.0 55.8
97856 5000 10 4 1.0 80.6
7105 5000 10 4 1.0 70.4
3189 5000 10 4 1.0 95.8
13594 5000 10 4 1.0 78.8
4 5000 10 4 1.0 57.2
Media:5000 10 4 1.0 74.88
1234 5000 10 5 0.1 71.6
242359 5000 10 5 0.1 91.0
986 5000 10 5 0.1 54.0
5437 5000 10 5 0.1 101.8
72463 5000 10 5 0.1 56.4
97856 5000 10 5 0.1 82.2
7105 5000 10 5 0.1 70.4
3189 5000 10 5 0.1 94.6
13594 5000 10 5 0.1 81.0
4 5000 10 5 0.1 58.6
Media:5000 10 5 0.1 76.16
1234 5000 10 5 0.01 69.8
242359 5000 10 5 0.01 87.2
986 5000 10 5 0.01 51.8
5437 5000 10 5 0.01 102.6
72463 5000 10 5 0.01 57.4
97856 5000 10 5 0.01 85.4
7105 5000 10 5 0.01 67.2
3189 5000 10 5 0.01 91.8
13594 5000 10 5 0.01 81.0
4 5000 10 5 0.01 51.8
Media:5000 10 5 0.01 74.6
1234 5000 10 5 0.001 63.0
242359 5000 10 5 0.001 80.2
986 5000 10 5 0.001 52.0
5437 5000 10 5 0.001 86.8
72463 5000 10 5 0.001 53.6
97856 5000 10 5 0.001 75.4
7105 5000 10 5 0.001 60.2
3189 5000 10 5 0.001 88.8
13594 5000 10 5 0.001 75.8
4 5000 10 5 0.001 45.8
Media:5000 10 5 0.001 68.16
1234 5000 10 5 1.0 70.4
242359 5000 10 5 1.0 87.2
986 5000 10 5 1.0 53.0
5437 5000 10 5 1.0 97.6
72463 5000 10 5 1.0 57.6
97856 5000 10 5 1.0 77.6
7105 5000 10 5 1.0 70.4
3189 5000 10 5 1.0 95.8
13594 5000 10 5 1.0 75.8
4 5000 10 5 1.0 57.6
Media:5000 10 5 1.0 74.3
1234 5000 10 6 0.1 71.0
242359 5000 10 6 0.1 86.6
986 5000 10 6 0.1 54.0
5437 5000 10 6 0.1 100.2
72463 5000 10 6 0.1 58.0
97856 5000 10 6 0.1 83.8
7105 5000 10 6 0.1 71.4
3189 5000 10 6 0.1 94.0
13594 5000 10 6 0.1 81.0
4 5000 10 6 0.1 57.4
Media:5000 10 6 0.1 75.74
1234 5000 10 6 0.01 70.8
242359 5000 10 6 0.01 86.4
986 5000 10 6 0.01 51.2
5437 5000 10 6 0.01 102.0
72463 5000 10 6 0.01 55.2
97856 5000 10 6 0.01 83.2
7105 5000 10 6 0.01 63.0
3189 5000 10 6 0.01 94.8
13594 5000 10 6 0.01 81.0
4 5000 10 6 0.01 55.6
Media:5000 10 6 0.01 74.32
1234 5000 10 6 0.001 58.2
242359 5000 10 6 0.001 79.8
986 5000 10 6 0.001 48.2
5437 5000 10 6 0.001 93.4
72463 5000 10 6 0.001 44.6
97856 5000 10 6 0.001 71.6
7105 5000 10 6 0.001 60.8
3189 5000 10 6 0.001 87.6
13594 5000 10 6 0.001 71.2
4 5000 10 6 0.001 39.8
Media:5000 10 6 0.001 65.52000000000001
1234 5000 10 6 1.0 71.8
242359 5000 10 6 1.0 86.0
986 5000 10 6 1.0 53.0
5437 5000 10 6 1.0 96.0
72463 5000 10 6 1.0 53.2
97856 5000 10 6 1.0 80.6
7105 5000 10 6 1.0 65.2
3189 5000 10 6 1.0 95.2
13594 5000 10 6 1.0 77.6
4 5000 10 6 1.0 53.6
Media:5000 10 6 1.0 73.22
1234 5000 10 7 0.1 70.6
242359 5000 10 7 0.1 90.4
986 5000 10 7 0.1 53.2
5437 5000 10 7 0.1 96.8
72463 5000 10 7 0.1 55.8
97856 5000 10 7 0.1 80.2
7105 5000 10 7 0.1 69.6
3189 5000 10 7 0.1 93.8
13594 5000 10 7 0.1 81.0
4 5000 10 7 0.1 59.2
Media:5000 10 7 0.1 75.06
1234 5000 10 7 0.01 71.2
242359 5000 10 7 0.01 83.0
986 5000 10 7 0.01 52.0
5437 5000 10 7 0.01 92.0
72463 5000 10 7 0.01 56.0
97856 5000 10 7 0.01 85.6
7105 5000 10 7 0.01 66.6
3189 5000 10 7 0.01 90.2
13594 5000 10 7 0.01 78.2
4 5000 10 7 0.01 55.4
Media:5000 10 7 0.01 73.02000000000001
1234 5000 10 7 0.001 58.2
242359 5000 10 7 0.001 69.8
986 5000 10 7 0.001 42.2
5437 5000 10 7 0.001 86.4
72463 5000 10 7 0.001 43.8
97856 5000 10 7 0.001 69.8
7105 5000 10 7 0.001 53.2
3189 5000 10 7 0.001 81.4
13594 5000 10 7 0.001 61.6
4 5000 10 7 0.001 48.6
Media:5000 10 7 0.001 61.500000000000014
1234 5000 10 7 1.0 68.2
242359 5000 10 7 1.0 86.4
986 5000 10 7 1.0 52.2
5437 5000 10 7 1.0 98.0
72463 5000 10 7 1.0 55.2
97856 5000 10 7 1.0 81.6
7105 5000 10 7 1.0 68.0
3189 5000 10 7 1.0 91.4
13594 5000 10 7 1.0 77.6
4 5000 10 7 1.0 55.2
Media:5000 10 7 1.0 73.38000000000001
1234 5000 10 8 0.1 71.8
242359 5000 10 8 0.1 89.8
986 5000 10 8 0.1 54.0
5437 5000 10 8 0.1 101.4
72463 5000 10 8 0.1 58.0
97856 5000 10 8 0.1 83.4
7105 5000 10 8 0.1 70.2
3189 5000 10 8 0.1 96.0
13594 5000 10 8 0.1 78.4
4 5000 10 8 0.1 58.0
Media:5000 10 8 0.1 76.1
1234 5000 10 8 0.01 70.4
242359 5000 10 8 0.01 90.6
986 5000 10 8 0.01 50.0
5437 5000 10 8 0.01 102.4
72463 5000 10 8 0.01 55.4
97856 5000 10 8 0.01 77.0
7105 5000 10 8 0.01 67.2
3189 5000 10 8 0.01 93.0
13594 5000 10 8 0.01 78.8
4 5000 10 8 0.01 52.4
Media:5000 10 8 0.01 73.72
1234 5000 10 8 0.001 51.0
242359 5000 10 8 0.001 75.2
986 5000 10 8 0.001 45.4
5437 5000 10 8 0.001 82.8
72463 5000 10 8 0.001 43.8
97856 5000 10 8 0.001 68.4
7105 5000 10 8 0.001 51.0
3189 5000 10 8 0.001 83.2
13594 5000 10 8 0.001 60.0
4 5000 10 8 0.001 40.6
Media:5000 10 8 0.001 60.14
1234 5000 10 8 1.0 69.8
242359 5000 10 8 1.0 84.0
986 5000 10 8 1.0 53.0
5437 5000 10 8 1.0 93.6
72463 5000 10 8 1.0 57.0
97856 5000 10 8 1.0 83.4
7105 5000 10 8 1.0 70.0
3189 5000 10 8 1.0 95.6
13594 5000 10 8 1.0 78.8
4 5000 10 8 1.0 56.4
Media:5000 10 8 1.0 74.16
1234 5000 10 9 0.1 69.6
242359 5000 10 9 0.1 90.0
986 5000 10 9 0.1 52.2
5437 5000 10 9 0.1 103.4
72463 5000 10 9 0.1 55.4
97856 5000 10 9 0.1 84.6
7105 5000 10 9 0.1 66.8
3189 5000 10 9 0.1 94.6
13594 5000 10 9 0.1 81.0
4 5000 10 9 0.1 60.0
Media:5000 10 9 0.1 75.76
1234 5000 10 9 0.01 67.8
242359 5000 10 9 0.01 80.8
986 5000 10 9 0.01 50.4
5437 5000 10 9 0.01 95.6
72463 5000 10 9 0.01 53.8
97856 5000 10 9 0.01 78.0
7105 5000 10 9 0.01 64.4
3189 5000 10 9 0.01 91.4
13594 5000 10 9 0.01 79.4
4 5000 10 9 0.01 55.0
Media:5000 10 9 0.01 71.66
1234 5000 10 9 0.001 59.0
242359 5000 10 9 0.001 65.4
986 5000 10 9 0.001 48.2
5437 5000 10 9 0.001 74.0
72463 5000 10 9 0.001 40.8
97856 5000 10 9 0.001 60.6
7105 5000 10 9 0.001 50.0
3189 5000 10 9 0.001 75.2
13594 5000 10 9 0.001 60.8
4 5000 10 9 0.001 40.4
Media:5000 10 9 0.001 57.44
1234 5000 10 9 1.0 66.8
242359 5000 10 9 1.0 84.0
986 5000 10 9 1.0 48.0
5437 5000 10 9 1.0 99.0
72463 5000 10 9 1.0 53.2
97856 5000 10 9 1.0 81.4
7105 5000 10 9 1.0 65.6
3189 5000 10 9 1.0 91.0
13594 5000 10 9 1.0 77.4
4 5000 10 9 1.0 58.6
Media:5000 10 9 1.0 72.5
1234 5000 10 10 0.1 71.0
242359 5000 10 10 0.1 87.8
986 5000 10 10 0.1 53.0
5437 5000 10 10 0.1 100.4
72463 5000 10 10 0.1 56.4
97856 5000 10 10 0.1 83.8
7105 5000 10 10 0.1 68.0
3189 5000 10 10 0.1 92.8
13594 5000 10 10 0.1 81.0
4 5000 10 10 0.1 58.4
Media:5000 10 10 0.1 75.26
1234 5000 10 10 0.01 64.6
242359 5000 10 10 0.01 85.8
986 5000 10 10 0.01 48.4
5437 5000 10 10 0.01 96.6
72463 5000 10 10 0.01 50.6
97856 5000 10 10 0.01 78.4
7105 5000 10 10 0.01 66.0
3189 5000 10 10 0.01 91.2
13594 5000 10 10 0.01 76.2
4 5000 10 10 0.01 54.2
Media:5000 10 10 0.01 71.20000000000002
1234 5000 10 10 0.001 59.4
242359 5000 10 10 0.001 65.4
986 5000 10 10 0.001 44.2
5437 5000 10 10 0.001 80.8
72463 5000 10 10 0.001 39.8
97856 5000 10 10 0.001 55.8
7105 5000 10 10 0.001 43.8
3189 5000 10 10 0.001 80.2
13594 5000 10 10 0.001 62.0
4 5000 10 10 0.001 46.2
Media:5000 10 10 0.001 57.76000000000001
1234 5000 10 10 1.0 70.2
242359 5000 10 10 1.0 88.4
986 5000 10 10 1.0 50.0
5437 5000 10 10 1.0 95.4
72463 5000 10 10 1.0 57.4
97856 5000 10 10 1.0 80.6
7105 5000 10 10 1.0 71.2
3189 5000 10 10 1.0 90.8
13594 5000 10 10 1.0 78.4
4 5000 10 10 1.0 56.2
Media:5000 10 10 1.0 73.86
1234 5000 20 1 0.1 71.6
242359 5000 20 1 0.1 88.6
986 5000 20 1 0.1 54.0
5437 5000 20 1 0.1 100.4
72463 5000 20 1 0.1 58.0
97856 5000 20 1 0.1 84.2
7105 5000 20 1 0.1 72.0
3189 5000 20 1 0.1 95.4
13594 5000 20 1 0.1 81.0
4 5000 20 1 0.1 60.0
Media:5000 20 1 0.1 76.52
1234 5000 20 1 0.01 71.4
242359 5000 20 1 0.01 89.8
986 5000 20 1 0.01 54.0
5437 5000 20 1 0.01 102.6
72463 5000 20 1 0.01 58.0
97856 5000 20 1 0.01 86.0
7105 5000 20 1 0.01 72.0
3189 5000 20 1 0.01 95.8
13594 5000 20 1 0.01 81.0
4 5000 20 1 0.01 59.4
Media:5000 20 1 0.01 76.99999999999999
1234 5000 20 1 0.001 71.8
242359 5000 20 1 0.001 90.2
986 5000 20 1 0.001 54.0
5437 5000 20 1 0.001 100.8
72463 5000 20 1 0.001 57.2
97856 5000 20 1 0.001 84.2
7105 5000 20 1 0.001 71.4
3189 5000 20 1 0.001 96.0
13594 5000 20 1 0.001 81.0
4 5000 20 1 0.001 59.6
Media:5000 20 1 0.001 76.62
1234 5000 20 1 1.0 69.4
242359 5000 20 1 1.0 87.4
986 5000 20 1 1.0 54.0
5437 5000 20 1 1.0 98.8
72463 5000 20 1 1.0 57.0
97856 5000 20 1 1.0 82.2
7105 5000 20 1 1.0 72.0
3189 5000 20 1 1.0 95.8
13594 5000 20 1 1.0 78.4
4 5000 20 1 1.0 58.8
Media:5000 20 1 1.0 75.37999999999998
1234 5000 20 2 0.1 71.6
242359 5000 20 2 0.1 91.0
986 5000 20 2 0.1 54.0
5437 5000 20 2 0.1 100.6
72463 5000 20 2 0.1 56.0
97856 5000 20 2 0.1 85.6
7105 5000 20 2 0.1 70.2
3189 5000 20 2 0.1 94.0
13594 5000 20 2 0.1 81.0
4 5000 20 2 0.1 59.4
Media:5000 20 2 0.1 76.34
1234 5000 20 2 0.01 71.6
242359 5000 20 2 0.01 89.0
986 5000 20 2 0.01 54.0
5437 5000 20 2 0.01 98.2
72463 5000 20 2 0.01 58.0
97856 5000 20 2 0.01 85.6
7105 5000 20 2 0.01 72.0
3189 5000 20 2 0.01 95.8
13594 5000 20 2 0.01 81.0
4 5000 20 2 0.01 59.4
Media:5000 20 2 0.01 76.46
1234 5000 20 2 0.001 70.0
242359 5000 20 2 0.001 89.8
986 5000 20 2 0.001 53.0
5437 5000 20 2 0.001 98.6
72463 5000 20 2 0.001 57.8
97856 5000 20 2 0.001 83.6
7105 5000 20 2 0.001 71.4
3189 5000 20 2 0.001 95.6
13594 5000 20 2 0.001 80.0
4 5000 20 2 0.001 59.8
Media:5000 20 2 0.001 75.96
1234 5000 20 2 1.0 69.4
242359 5000 20 2 1.0 88.2
986 5000 20 2 1.0 54.0
5437 5000 20 2 1.0 96.2
72463 5000 20 2 1.0 55.2
97856 5000 20 2 1.0 83.2
7105 5000 20 2 1.0 71.8
3189 5000 20 2 1.0 95.4
13594 5000 20 2 1.0 79.2
4 5000 20 2 1.0 58.6
Media:5000 20 2 1.0 75.12
1234 5000 20 3 0.1 71.8
242359 5000 20 3 0.1 89.8
986 5000 20 3 0.1 53.4
5437 5000 20 3 0.1 100.2
72463 5000 20 3 0.1 55.8
97856 5000 20 3 0.1 84.2
7105 5000 20 3 0.1 70.8
3189 5000 20 3 0.1 96.0
13594 5000 20 3 0.1 81.0
4 5000 20 3 0.1 59.4
Media:5000 20 3 0.1 76.24
1234 5000 20 3 0.01 70.4
242359 5000 20 3 0.01 90.8
986 5000 20 3 0.01 52.6
5437 5000 20 3 0.01 98.2
72463 5000 20 3 0.01 57.4
97856 5000 20 3 0.01 85.6
7105 5000 20 3 0.01 71.4
3189 5000 20 3 0.01 96.0
13594 5000 20 3 0.01 81.0
4 5000 20 3 0.01 58.0
Media:5000 20 3 0.01 76.14
1234 5000 20 3 0.001 68.8
242359 5000 20 3 0.001 90.8
986 5000 20 3 0.001 49.4
5437 5000 20 3 0.001 101.4
72463 5000 20 3 0.001 55.6
97856 5000 20 3 0.001 81.6
7105 5000 20 3 0.001 67.4
3189 5000 20 3 0.001 93.4
13594 5000 20 3 0.001 80.6
4 5000 20 3 0.001 53.0
Media:5000 20 3 0.001 74.2
1234 5000 20 3 1.0 69.2
242359 5000 20 3 1.0 87.2
986 5000 20 3 1.0 54.0
5437 5000 20 3 1.0 100.8
72463 5000 20 3 1.0 55.0
97856 5000 20 3 1.0 79.8
7105 5000 20 3 1.0 67.6
3189 5000 20 3 1.0 95.6
13594 5000 20 3 1.0 80.6
4 5000 20 3 1.0 57.6
Media:5000 20 3 1.0 74.74000000000001
1234 5000 20 4 0.1 70.8
242359 5000 20 4 0.1 91.0
986 5000 20 4 0.1 53.0
5437 5000 20 4 0.1 98.4
72463 5000 20 4 0.1 58.0
97856 5000 20 4 0.1 86.0
7105 5000 20 4 0.1 70.4
3189 5000 20 4 0.1 95.4
13594 5000 20 4 0.1 81.0
4 5000 20 4 0.1 59.4
Media:5000 20 4 0.1 76.34
1234 5000 20 4 0.01 70.6
242359 5000 20 4 0.01 87.6
986 5000 20 4 0.01 52.4
5437 5000 20 4 0.01 102.8
72463 5000 20 4 0.01 56.8
97856 5000 20 4 0.01 81.6
7105 5000 20 4 0.01 68.0
3189 5000 20 4 0.01 95.6
13594 5000 20 4 0.01 81.0
4 5000 20 4 0.01 58.6
Media:5000 20 4 0.01 75.5
1234 5000 20 4 0.001 64.6
242359 5000 20 4 0.001 88.6
986 5000 20 4 0.001 51.6
5437 5000 20 4 0.001 92.2
72463 5000 20 4 0.001 49.0
97856 5000 20 4 0.001 78.8
7105 5000 20 4 0.001 65.2
3189 5000 20 4 0.001 89.6
13594 5000 20 4 0.001 77.8
4 5000 20 4 0.001 53.8
Media:5000 20 4 0.001 71.11999999999999
1234 5000 20 4 1.0 68.8
242359 5000 20 4 1.0 89.0
986 5000 20 4 1.0 53.6
5437 5000 20 4 1.0 95.0
72463 5000 20 4 1.0 57.0
97856 5000 20 4 1.0 82.4
7105 5000 20 4 1.0 69.4
3189 5000 20 4 1.0 95.2
13594 5000 20 4 1.0 77.4
4 5000 20 4 1.0 56.8
Media:5000 20 4 1.0 74.46
1234 5000 20 5 0.1 70.2
242359 5000 20 5 0.1 89.4
986 5000 20 5 0.1 52.2
5437 5000 20 5 0.1 104.0
72463 5000 20 5 0.1 57.0
97856 5000 20 5 0.1 84.6
7105 5000 20 5 0.1 70.4
3189 5000 20 5 0.1 96.0
13594 5000 20 5 0.1 81.0
4 5000 20 5 0.1 57.8
Media:5000 20 5 0.1 76.25999999999999
1234 5000 20 5 0.01 67.0
242359 5000 20 5 0.01 87.0
986 5000 20 5 0.01 49.4
5437 5000 20 5 0.01 102.4
72463 5000 20 5 0.01 52.0
97856 5000 20 5 0.01 82.2
7105 5000 20 5 0.01 68.0
3189 5000 20 5 0.01 96.0
13594 5000 20 5 0.01 78.6
4 5000 20 5 0.01 57.4
Media:5000 20 5 0.01 74.0
1234 5000 20 5 0.001 65.6
242359 5000 20 5 0.001 82.6
986 5000 20 5 0.001 49.0
5437 5000 20 5 0.001 97.0
72463 5000 20 5 0.001 47.4
97856 5000 20 5 0.001 79.4
7105 5000 20 5 0.001 59.2
3189 5000 20 5 0.001 88.6
13594 5000 20 5 0.001 76.0
4 5000 20 5 0.001 53.0
Media:5000 20 5 0.001 69.78
1234 5000 20 5 1.0 68.2
242359 5000 20 5 1.0 86.2
986 5000 20 5 1.0 52.2
5437 5000 20 5 1.0 97.6
72463 5000 20 5 1.0 53.0
97856 5000 20 5 1.0 80.6
7105 5000 20 5 1.0 72.0
3189 5000 20 5 1.0 94.2
13594 5000 20 5 1.0 77.6
4 5000 20 5 1.0 57.4
Media:5000 20 5 1.0 73.9
1234 5000 20 6 0.1 69.6
242359 5000 20 6 0.1 90.2
986 5000 20 6 0.1 53.0
5437 5000 20 6 0.1 97.8
72463 5000 20 6 0.1 54.0
97856 5000 20 6 0.1 84.0
7105 5000 20 6 0.1 67.0
3189 5000 20 6 0.1 95.2
13594 5000 20 6 0.1 81.0
4 5000 20 6 0.1 59.0
Media:5000 20 6 0.1 75.08000000000001
1234 5000 20 6 0.01 69.2
242359 5000 20 6 0.01 87.2
986 5000 20 6 0.01 51.0
5437 5000 20 6 0.01 98.0
72463 5000 20 6 0.01 55.8
97856 5000 20 6 0.01 83.8
7105 5000 20 6 0.01 67.6
3189 5000 20 6 0.01 91.2
13594 5000 20 6 0.01 81.0
4 5000 20 6 0.01 55.6
Media:5000 20 6 0.01 74.04
1234 5000 20 6 0.001 63.8
242359 5000 20 6 0.001 81.4
986 5000 20 6 0.001 50.4
5437 5000 20 6 0.001 85.2
72463 5000 20 6 0.001 50.4
97856 5000 20 6 0.001 71.6
7105 5000 20 6 0.001 58.4
3189 5000 20 6 0.001 84.0
13594 5000 20 6 0.001 68.8
4 5000 20 6 0.001 50.0
Media:5000 20 6 0.001 66.39999999999999
1234 5000 20 6 1.0 66.6
242359 5000 20 6 1.0 87.6
986 5000 20 6 1.0 49.8
5437 5000 20 6 1.0 95.0
72463 5000 20 6 1.0 57.0
97856 5000 20 6 1.0 77.2
7105 5000 20 6 1.0 68.6
3189 5000 20 6 1.0 94.0
13594 5000 20 6 1.0 78.8
4 5000 20 6 1.0 52.4
Media:5000 20 6 1.0 72.69999999999999
1234 5000 20 7 0.1 68.6
242359 5000 20 7 0.1 90.0
986 5000 20 7 0.1 54.0
5437 5000 20 7 0.1 101.8
72463 5000 20 7 0.1 56.6
97856 5000 20 7 0.1 78.6
7105 5000 20 7 0.1 69.2
3189 5000 20 7 0.1 91.4
13594 5000 20 7 0.1 76.6
4 5000 20 7 0.1 57.4
Media:5000 20 7 0.1 74.42
1234 5000 20 7 0.01 66.8
242359 5000 20 7 0.01 88.6
986 5000 20 7 0.01 50.4
5437 5000 20 7 0.01 97.4
72463 5000 20 7 0.01 55.0
97856 5000 20 7 0.01 82.6
7105 5000 20 7 0.01 69.0
3189 5000 20 7 0.01 92.2
13594 5000 20 7 0.01 76.2
4 5000 20 7 0.01 57.0
Media:5000 20 7 0.01 73.52000000000001
1234 5000 20 7 0.001 60.2
242359 5000 20 7 0.001 76.6
986 5000 20 7 0.001 47.8
5437 5000 20 7 0.001 92.2
72463 5000 20 7 0.001 44.4
97856 5000 20 7 0.001 74.4
7105 5000 20 7 0.001 54.8
3189 5000 20 7 0.001 84.0
13594 5000 20 7 0.001 65.6
4 5000 20 7 0.001 52.4
Media:5000 20 7 0.001 65.24000000000001
1234 5000 20 7 1.0 66.8
242359 5000 20 7 1.0 86.8
986 5000 20 7 1.0 53.2
5437 5000 20 7 1.0 92.0
72463 5000 20 7 1.0 51.2
97856 5000 20 7 1.0 81.8
7105 5000 20 7 1.0 70.2
3189 5000 20 7 1.0 90.6
13594 5000 20 7 1.0 78.0
4 5000 20 7 1.0 57.4
Media:5000 20 7 1.0 72.8
1234 5000 20 8 0.1 71.4
242359 5000 20 8 0.1 84.2
986 5000 20 8 0.1 53.8
5437 5000 20 8 0.1 97.8
72463 5000 20 8 0.1 58.0
97856 5000 20 8 0.1 84.2
7105 5000 20 8 0.1 65.6
3189 5000 20 8 0.1 93.6
13594 5000 20 8 0.1 81.0
4 5000 20 8 0.1 57.8
Media:5000 20 8 0.1 74.74
1234 5000 20 8 0.01 64.8
242359 5000 20 8 0.01 85.4
986 5000 20 8 0.01 47.0
5437 5000 20 8 0.01 97.8
72463 5000 20 8 0.01 56.6
97856 5000 20 8 0.01 79.8
7105 5000 20 8 0.01 62.4
3189 5000 20 8 0.01 91.0
13594 5000 20 8 0.01 81.0
4 5000 20 8 0.01 55.2
Media:5000 20 8 0.01 72.1
1234 5000 20 8 0.001 56.6
242359 5000 20 8 0.001 81.0
986 5000 20 8 0.001 43.6
5437 5000 20 8 0.001 82.8
72463 5000 20 8 0.001 42.4
97856 5000 20 8 0.001 65.8
7105 5000 20 8 0.001 53.8
3189 5000 20 8 0.001 76.4
13594 5000 20 8 0.001 66.0
4 5000 20 8 0.001 38.6
Media:5000 20 8 0.001 60.7
1234 5000 20 8 1.0 68.4
242359 5000 20 8 1.0 82.2
986 5000 20 8 1.0 51.6
5437 5000 20 8 1.0 96.6
72463 5000 20 8 1.0 49.0
97856 5000 20 8 1.0 80.8
7105 5000 20 8 1.0 63.8
3189 5000 20 8 1.0 95.0
13594 5000 20 8 1.0 76.8
4 5000 20 8 1.0 53.8
Media:5000 20 8 1.0 71.8
1234 5000 20 9 0.1 70.0
242359 5000 20 9 0.1 88.4
986 5000 20 9 0.1 49.8
5437 5000 20 9 0.1 99.0
72463 5000 20 9 0.1 54.6
97856 5000 20 9 0.1 82.6
7105 5000 20 9 0.1 70.6
3189 5000 20 9 0.1 91.4
13594 5000 20 9 0.1 78.6
4 5000 20 9 0.1 52.0
Media:5000 20 9 0.1 73.7
1234 5000 20 9 0.01 65.4
242359 5000 20 9 0.01 85.8
986 5000 20 9 0.01 49.2
5437 5000 20 9 0.01 97.2
72463 5000 20 9 0.01 52.6
97856 5000 20 9 0.01 76.0
7105 5000 20 9 0.01 65.4
3189 5000 20 9 0.01 88.0
13594 5000 20 9 0.01 76.6
4 5000 20 9 0.01 55.6
Media:5000 20 9 0.01 71.18
1234 5000 20 9 0.001 60.8
242359 5000 20 9 0.001 74.0
986 5000 20 9 0.001 42.0
5437 5000 20 9 0.001 81.4
72463 5000 20 9 0.001 43.2
97856 5000 20 9 0.001 60.0
7105 5000 20 9 0.001 44.8
3189 5000 20 9 0.001 76.0
13594 5000 20 9 0.001 60.0
4 5000 20 9 0.001 37.8
Media:5000 20 9 0.001 58.0
1234 5000 20 9 1.0 65.8
242359 5000 20 9 1.0 82.4
986 5000 20 9 1.0 52.6
5437 5000 20 9 1.0 96.0
72463 5000 20 9 1.0 55.4
97856 5000 20 9 1.0 78.8
7105 5000 20 9 1.0 63.0
3189 5000 20 9 1.0 89.6
13594 5000 20 9 1.0 73.6
4 5000 20 9 1.0 53.0
Media:5000 20 9 1.0 71.02
1234 5000 20 10 0.1 69.2
242359 5000 20 10 0.1 88.0
986 5000 20 10 0.1 53.2
5437 5000 20 10 0.1 99.2
72463 5000 20 10 0.1 56.2
97856 5000 20 10 0.1 81.4
7105 5000 20 10 0.1 66.2
3189 5000 20 10 0.1 94.2
13594 5000 20 10 0.1 78.0
4 5000 20 10 0.1 58.6
Media:5000 20 10 0.1 74.42
1234 5000 20 10 0.01 67.6
242359 5000 20 10 0.01 84.2
986 5000 20 10 0.01 49.4
5437 5000 20 10 0.01 93.6
72463 5000 20 10 0.01 46.8
97856 5000 20 10 0.01 75.6
7105 5000 20 10 0.01 65.4
3189 5000 20 10 0.01 92.2
13594 5000 20 10 0.01 78.6
4 5000 20 10 0.01 49.8
Media:5000 20 10 0.01 70.32000000000001
1234 5000 20 10 0.001 49.4
242359 5000 20 10 0.001 77.2
986 5000 20 10 0.001 42.0
5437 5000 20 10 0.001 83.2
72463 5000 20 10 0.001 39.0
97856 5000 20 10 0.001 63.2
7105 5000 20 10 0.001 51.0
3189 5000 20 10 0.001 81.2
13594 5000 20 10 0.001 60.8
4 5000 20 10 0.001 37.6
Media:5000 20 10 0.001 58.46
1234 5000 20 10 1.0 65.0
242359 5000 20 10 1.0 84.8
986 5000 20 10 1.0 53.2
5437 5000 20 10 1.0 94.8
72463 5000 20 10 1.0 55.8
97856 5000 20 10 1.0 82.6
7105 5000 20 10 1.0 69.6
3189 5000 20 10 1.0 86.2
13594 5000 20 10 1.0 73.4
4 5000 20 10 1.0 55.6
Media:5000 20 10 1.0 72.10000000000001
1234 5000 30 1 0.1 71.6
242359 5000 30 1 0.1 91.0
986 5000 30 1 0.1 54.0
5437 5000 30 1 0.1 102.0
72463 5000 30 1 0.1 58.0
97856 5000 30 1 0.1 83.2
7105 5000 30 1 0.1 72.0
3189 5000 30 1 0.1 96.0
13594 5000 30 1 0.1 81.0
4 5000 30 1 0.1 60.0
Media:5000 30 1 0.1 76.88
1234 5000 30 1 0.01 71.6
242359 5000 30 1 0.01 91.0
986 5000 30 1 0.01 54.0
5437 5000 30 1 0.01 102.8
72463 5000 30 1 0.01 58.0
97856 5000 30 1 0.01 83.8
7105 5000 30 1 0.01 72.0
3189 5000 30 1 0.01 95.4
13594 5000 30 1 0.01 81.0
4 5000 30 1 0.01 59.8
Media:5000 30 1 0.01 76.94
1234 5000 30 1 0.001 70.2
242359 5000 30 1 0.001 91.0
986 5000 30 1 0.001 54.0
5437 5000 30 1 0.001 102.4
72463 5000 30 1 0.001 57.6
97856 5000 30 1 0.001 83.8
7105 5000 30 1 0.001 72.0
3189 5000 30 1 0.001 96.0
13594 5000 30 1 0.001 81.0
4 5000 30 1 0.001 59.4
Media:5000 30 1 0.001 76.74
1234 5000 30 1 1.0 70.4
242359 5000 30 1 1.0 87.4
986 5000 30 1 1.0 54.0
5437 5000 30 1 1.0 98.8
72463 5000 30 1 1.0 56.8
97856 5000 30 1 1.0 81.8
7105 5000 30 1 1.0 65.0
3189 5000 30 1 1.0 95.2
13594 5000 30 1 1.0 76.4
4 5000 30 1 1.0 57.0
Media:5000 30 1 1.0 74.28
1234 5000 30 2 0.1 71.4
242359 5000 30 2 0.1 90.8
986 5000 30 2 0.1 54.0
5437 5000 30 2 0.1 99.2
72463 5000 30 2 0.1 56.2
97856 5000 30 2 0.1 83.0
7105 5000 30 2 0.1 72.0
3189 5000 30 2 0.1 95.4
13594 5000 30 2 0.1 81.0
4 5000 30 2 0.1 59.4
Media:5000 30 2 0.1 76.23999999999998
1234 5000 30 2 0.01 71.2
242359 5000 30 2 0.01 89.8
986 5000 30 2 0.01 53.8
5437 5000 30 2 0.01 98.6
72463 5000 30 2 0.01 56.8
97856 5000 30 2 0.01 85.0
7105 5000 30 2 0.01 71.4
3189 5000 30 2 0.01 95.8
13594 5000 30 2 0.01 81.0
4 5000 30 2 0.01 58.2
Media:5000 30 2 0.01 76.16
1234 5000 30 2 0.001 70.0
242359 5000 30 2 0.001 89.6
986 5000 30 2 0.001 54.0
5437 5000 30 2 0.001 99.8
72463 5000 30 2 0.001 57.2
97856 5000 30 2 0.001 82.4
7105 5000 30 2 0.001 70.6
3189 5000 30 2 0.001 93.4
13594 5000 30 2 0.001 79.6
4 5000 30 2 0.001 59.8
Media:5000 30 2 0.001 75.64
1234 5000 30 2 1.0 69.6
242359 5000 30 2 1.0 80.8
986 5000 30 2 1.0 54.0
5437 5000 30 2 1.0 94.4
72463 5000 30 2 1.0 56.2
97856 5000 30 2 1.0 79.4
7105 5000 30 2 1.0 70.2
3189 5000 30 2 1.0 95.8
13594 5000 30 2 1.0 80.2
4 5000 30 2 1.0 57.8
Media:5000 30 2 1.0 73.84
1234 5000 30 3 0.1 70.4
242359 5000 30 3 0.1 89.6
986 5000 30 3 0.1 53.6
5437 5000 30 3 0.1 100.2
72463 5000 30 3 0.1 58.0
97856 5000 30 3 0.1 83.8
7105 5000 30 3 0.1 69.6
3189 5000 30 3 0.1 96.0
13594 5000 30 3 0.1 81.0
4 5000 30 3 0.1 57.0
Media:5000 30 3 0.1 75.92
1234 5000 30 3 0.01 68.0
242359 5000 30 3 0.01 89.2
986 5000 30 3 0.01 53.2
5437 5000 30 3 0.01 101.0
72463 5000 30 3 0.01 56.6
97856 5000 30 3 0.01 83.4
7105 5000 30 3 0.01 69.8
3189 5000 30 3 0.01 95.2
13594 5000 30 3 0.01 81.0
4 5000 30 3 0.01 57.8
Media:5000 30 3 0.01 75.52
1234 5000 30 3 0.001 69.4
242359 5000 30 3 0.001 88.8
986 5000 30 3 0.001 53.0
5437 5000 30 3 0.001 101.4
72463 5000 30 3 0.001 54.8
97856 5000 30 3 0.001 80.2
7105 5000 30 3 0.001 69.6
3189 5000 30 3 0.001 94.0
13594 5000 30 3 0.001 76.2
4 5000 30 3 0.001 54.0
Media:5000 30 3 0.001 74.14000000000001
1234 5000 30 3 1.0 67.4
242359 5000 30 3 1.0 86.8
986 5000 30 3 1.0 52.4
5437 5000 30 3 1.0 92.6
72463 5000 30 3 1.0 54.0
97856 5000 30 3 1.0 81.8
7105 5000 30 3 1.0 71.4
3189 5000 30 3 1.0 94.4
13594 5000 30 3 1.0 78.6
4 5000 30 3 1.0 55.0
Media:5000 30 3 1.0 73.44
1234 5000 30 4 0.1 70.6
242359 5000 30 4 0.1 90.4
986 5000 30 4 0.1 53.6
5437 5000 30 4 0.1 98.4
72463 5000 30 4 0.1 56.4
97856 5000 30 4 0.1 84.8
7105 5000 30 4 0.1 71.2
3189 5000 30 4 0.1 96.0
13594 5000 30 4 0.1 81.0
4 5000 30 4 0.1 60.0
Media:5000 30 4 0.1 76.24
1234 5000 30 4 0.01 70.0
242359 5000 30 4 0.01 89.8
986 5000 30 4 0.01 54.0
5437 5000 30 4 0.01 101.8
72463 5000 30 4 0.01 56.8
97856 5000 30 4 0.01 84.8
7105 5000 30 4 0.01 68.2
3189 5000 30 4 0.01 94.2
13594 5000 30 4 0.01 81.0
4 5000 30 4 0.01 56.6
Media:5000 30 4 0.01 75.72000000000001
1234 5000 30 4 0.001 66.6
242359 5000 30 4 0.001 87.8
986 5000 30 4 0.001 51.6
5437 5000 30 4 0.001 98.4
72463 5000 30 4 0.001 50.0
97856 5000 30 4 0.001 81.0
7105 5000 30 4 0.001 61.6
3189 5000 30 4 0.001 92.2
13594 5000 30 4 0.001 77.2
4 5000 30 4 0.001 52.2
Media:5000 30 4 0.001 71.86000000000001
1234 5000 30 4 1.0 68.4
242359 5000 30 4 1.0 86.4
986 5000 30 4 1.0 52.2
5437 5000 30 4 1.0 90.8
72463 5000 30 4 1.0 55.8
97856 5000 30 4 1.0 80.8
7105 5000 30 4 1.0 66.6
3189 5000 30 4 1.0 95.6
13594 5000 30 4 1.0 80.6
4 5000 30 4 1.0 57.4
Media:5000 30 4 1.0 73.46000000000001
1234 5000 30 5 0.1 69.8
242359 5000 30 5 0.1 91.0
986 5000 30 5 0.1 54.0
5437 5000 30 5 0.1 97.6
72463 5000 30 5 0.1 57.0
97856 5000 30 5 0.1 83.4
7105 5000 30 5 0.1 71.0
3189 5000 30 5 0.1 91.0
13594 5000 30 5 0.1 78.8
4 5000 30 5 0.1 59.2
Media:5000 30 5 0.1 75.28
1234 5000 30 5 0.01 68.4
242359 5000 30 5 0.01 86.8
986 5000 30 5 0.01 52.6
5437 5000 30 5 0.01 99.0
72463 5000 30 5 0.01 52.4
97856 5000 30 5 0.01 83.0
7105 5000 30 5 0.01 67.6
3189 5000 30 5 0.01 90.8
13594 5000 30 5 0.01 78.8
4 5000 30 5 0.01 55.0
Media:5000 30 5 0.01 73.43999999999998
1234 5000 30 5 0.001 63.4
242359 5000 30 5 0.001 79.4
986 5000 30 5 0.001 50.2
5437 5000 30 5 0.001 99.0
72463 5000 30 5 0.001 49.6
97856 5000 30 5 0.001 76.0
7105 5000 30 5 0.001 56.6
3189 5000 30 5 0.001 88.6
13594 5000 30 5 0.001 77.4
4 5000 30 5 0.001 52.4
Media:5000 30 5 0.001 69.26
1234 5000 30 5 1.0 67.2
242359 5000 30 5 1.0 81.2
986 5000 30 5 1.0 50.4
5437 5000 30 5 1.0 94.0
72463 5000 30 5 1.0 55.8
97856 5000 30 5 1.0 82.6
7105 5000 30 5 1.0 61.2
3189 5000 30 5 1.0 93.2
13594 5000 30 5 1.0 77.4
4 5000 30 5 1.0 56.6
Media:5000 30 5 1.0 71.96000000000001
1234 5000 30 6 0.1 71.0
242359 5000 30 6 0.1 91.0
986 5000 30 6 0.1 53.4
5437 5000 30 6 0.1 98.8
72463 5000 30 6 0.1 56.6
97856 5000 30 6 0.1 82.8
7105 5000 30 6 0.1 69.4
3189 5000 30 6 0.1 95.4
13594 5000 30 6 0.1 79.0
4 5000 30 6 0.1 57.4
Media:5000 30 6 0.1 75.47999999999999
1234 5000 30 6 0.01 68.8
242359 5000 30 6 0.01 79.4
986 5000 30 6 0.01 52.2
5437 5000 30 6 0.01 97.6
72463 5000 30 6 0.01 50.6
97856 5000 30 6 0.01 83.4
7105 5000 30 6 0.01 65.8
3189 5000 30 6 0.01 90.0
13594 5000 30 6 0.01 79.8
4 5000 30 6 0.01 55.8
Media:5000 30 6 0.01 72.33999999999999
1234 5000 30 6 0.001 66.2
242359 5000 30 6 0.001 75.4
986 5000 30 6 0.001 48.0
5437 5000 30 6 0.001 91.6
72463 5000 30 6 0.001 46.8
97856 5000 30 6 0.001 71.6
7105 5000 30 6 0.001 59.8
3189 5000 30 6 0.001 87.2
13594 5000 30 6 0.001 71.8
4 5000 30 6 0.001 42.6
Media:5000 30 6 0.001 66.1
1234 5000 30 6 1.0 70.0
242359 5000 30 6 1.0 79.0
986 5000 30 6 1.0 50.2
5437 5000 30 6 1.0 100.8
72463 5000 30 6 1.0 56.8
97856 5000 30 6 1.0 81.4
7105 5000 30 6 1.0 69.0
3189 5000 30 6 1.0 86.0
13594 5000 30 6 1.0 75.6
4 5000 30 6 1.0 54.0
Media:5000 30 6 1.0 72.28
1234 5000 30 7 0.1 69.6
242359 5000 30 7 0.1 86.8
986 5000 30 7 0.1 53.2
5437 5000 30 7 0.1 101.6
72463 5000 30 7 0.1 54.6
97856 5000 30 7 0.1 84.2
7105 5000 30 7 0.1 68.8
3189 5000 30 7 0.1 94.4
13594 5000 30 7 0.1 81.0
4 5000 30 7 0.1 56.6
Media:5000 30 7 0.1 75.08
1234 5000 30 7 0.01 66.8
242359 5000 30 7 0.01 85.4
986 5000 30 7 0.01 47.4
5437 5000 30 7 0.01 102.2
72463 5000 30 7 0.01 50.0
97856 5000 30 7 0.01 84.6
7105 5000 30 7 0.01 67.6
3189 5000 30 7 0.01 89.4
13594 5000 30 7 0.01 78.8
4 5000 30 7 0.01 55.2
Media:5000 30 7 0.01 72.74
1234 5000 30 7 0.001 55.8
242359 5000 30 7 0.001 83.8
986 5000 30 7 0.001 42.4
5437 5000 30 7 0.001 89.2
72463 5000 30 7 0.001 41.4
97856 5000 30 7 0.001 68.8
7105 5000 30 7 0.001 59.0
3189 5000 30 7 0.001 77.6
13594 5000 30 7 0.001 66.8
4 5000 30 7 0.001 45.8
Media:5000 30 7 0.001 63.05999999999999
1234 5000 30 7 1.0 63.2
242359 5000 30 7 1.0 86.4
986 5000 30 7 1.0 52.2
5437 5000 30 7 1.0 93.4
72463 5000 30 7 1.0 57.0
97856 5000 30 7 1.0 82.0
7105 5000 30 7 1.0 61.2
3189 5000 30 7 1.0 93.2
13594 5000 30 7 1.0 78.0
4 5000 30 7 1.0 55.8
Media:5000 30 7 1.0 72.24
1234 5000 30 8 0.1 71.2
242359 5000 30 8 0.1 87.2
986 5000 30 8 0.1 51.6
5437 5000 30 8 0.1 101.0
72463 5000 30 8 0.1 56.4
97856 5000 30 8 0.1 78.8
7105 5000 30 8 0.1 68.0
3189 5000 30 8 0.1 94.8
13594 5000 30 8 0.1 78.8
4 5000 30 8 0.1 58.2
Media:5000 30 8 0.1 74.6
1234 5000 30 8 0.01 68.0
242359 5000 30 8 0.01 82.2
986 5000 30 8 0.01 46.0
5437 5000 30 8 0.01 99.0
72463 5000 30 8 0.01 51.4
97856 5000 30 8 0.01 82.2
7105 5000 30 8 0.01 64.6
3189 5000 30 8 0.01 92.8
13594 5000 30 8 0.01 80.2
4 5000 30 8 0.01 53.4
Media:5000 30 8 0.01 71.97999999999999
1234 5000 30 8 0.001 56.6
242359 5000 30 8 0.001 69.6
986 5000 30 8 0.001 44.2
5437 5000 30 8 0.001 91.8
72463 5000 30 8 0.001 40.4
97856 5000 30 8 0.001 70.4
7105 5000 30 8 0.001 51.4
3189 5000 30 8 0.001 81.2
13594 5000 30 8 0.001 66.2
4 5000 30 8 0.001 45.6
Media:5000 30 8 0.001 61.739999999999995
1234 5000 30 8 1.0 68.6
242359 5000 30 8 1.0 86.2
986 5000 30 8 1.0 46.6
5437 5000 30 8 1.0 93.4
72463 5000 30 8 1.0 54.8
97856 5000 30 8 1.0 79.6
7105 5000 30 8 1.0 64.4
3189 5000 30 8 1.0 91.6
13594 5000 30 8 1.0 75.0
4 5000 30 8 1.0 51.8
Media:5000 30 8 1.0 71.2
1234 5000 30 9 0.1 70.6
242359 5000 30 9 0.1 86.4
986 5000 30 9 0.1 48.4
5437 5000 30 9 0.1 99.8
72463 5000 30 9 0.1 50.4
97856 5000 30 9 0.1 83.4
7105 5000 30 9 0.1 67.6
3189 5000 30 9 0.1 93.6
13594 5000 30 9 0.1 80.4
4 5000 30 9 0.1 55.6
Media:5000 30 9 0.1 73.62
1234 5000 30 9 0.01 65.0
242359 5000 30 9 0.01 84.2
986 5000 30 9 0.01 51.4
5437 5000 30 9 0.01 92.8
72463 5000 30 9 0.01 49.8
97856 5000 30 9 0.01 74.4
7105 5000 30 9 0.01 61.6
3189 5000 30 9 0.01 91.0
13594 5000 30 9 0.01 77.2
4 5000 30 9 0.01 53.0
Media:5000 30 9 0.01 70.04
1234 5000 30 9 0.001 55.8
242359 5000 30 9 0.001 74.0
986 5000 30 9 0.001 41.4
5437 5000 30 9 0.001 80.8
72463 5000 30 9 0.001 46.0
97856 5000 30 9 0.001 70.0
7105 5000 30 9 0.001 53.0
3189 5000 30 9 0.001 83.4
13594 5000 30 9 0.001 67.4
4 5000 30 9 0.001 42.6
Media:5000 30 9 0.001 61.44
1234 5000 30 9 1.0 67.4
242359 5000 30 9 1.0 83.8
986 5000 30 9 1.0 50.6
5437 5000 30 9 1.0 98.6
72463 5000 30 9 1.0 54.6
97856 5000 30 9 1.0 81.0
7105 5000 30 9 1.0 64.6
3189 5000 30 9 1.0 92.6
13594 5000 30 9 1.0 66.2
4 5000 30 9 1.0 56.6
Media:5000 30 9 1.0 71.60000000000001
1234 5000 30 10 0.1 70.8
242359 5000 30 10 0.1 87.2
986 5000 30 10 0.1 50.6
5437 5000 30 10 0.1 101.0
72463 5000 30 10 0.1 53.6
97856 5000 30 10 0.1 79.0
7105 5000 30 10 0.1 66.4
3189 5000 30 10 0.1 92.4
13594 5000 30 10 0.1 78.8
4 5000 30 10 0.1 57.6
Media:5000 30 10 0.1 73.74
1234 5000 30 10 0.01 66.2
242359 5000 30 10 0.01 80.6
986 5000 30 10 0.01 45.2
5437 5000 30 10 0.01 91.0
72463 5000 30 10 0.01 50.2
97856 5000 30 10 0.01 73.4
7105 5000 30 10 0.01 62.0
3189 5000 30 10 0.01 86.4
13594 5000 30 10 0.01 73.0
4 5000 30 10 0.01 54.0
Media:5000 30 10 0.01 68.2
1234 5000 30 10 0.001 51.8
242359 5000 30 10 0.001 76.0
986 5000 30 10 0.001 47.0
5437 5000 30 10 0.001 81.8
72463 5000 30 10 0.001 43.2
97856 5000 30 10 0.001 61.8
7105 5000 30 10 0.001 47.8
3189 5000 30 10 0.001 75.8
13594 5000 30 10 0.001 59.8
4 5000 30 10 0.001 44.4
Media:5000 30 10 0.001 58.94
1234 5000 30 10 1.0 68.2
242359 5000 30 10 1.0 84.6
986 5000 30 10 1.0 49.2
5437 5000 30 10 1.0 93.6
72463 5000 30 10 1.0 51.2
97856 5000 30 10 1.0 76.8
7105 5000 30 10 1.0 68.4
3189 5000 30 10 1.0 94.2
13594 5000 30 10 1.0 78.2
4 5000 30 10 1.0 55.4
Media:5000 30 10 1.0 71.98
1234 5000 50 1 0.1 71.6
242359 5000 50 1 0.1 91.0
986 5000 50 1 0.1 53.2
5437 5000 50 1 0.1 102.4
72463 5000 50 1 0.1 57.6
97856 5000 50 1 0.1 84.8
7105 5000 50 1 0.1 71.0
3189 5000 50 1 0.1 96.0
13594 5000 50 1 0.1 81.0
4 5000 50 1 0.1 59.6
Media:5000 50 1 0.1 76.82000000000002
1234 5000 50 1 0.01 71.2
242359 5000 50 1 0.01 91.0
986 5000 50 1 0.01 54.0
5437 5000 50 1 0.01 99.0
72463 5000 50 1 0.01 58.0
97856 5000 50 1 0.01 85.6
7105 5000 50 1 0.01 71.4
3189 5000 50 1 0.01 95.6
13594 5000 50 1 0.01 81.0
4 5000 50 1 0.01 60.0
Media:5000 50 1 0.01 76.67999999999999
1234 5000 50 1 0.001 71.0
242359 5000 50 1 0.001 91.0
986 5000 50 1 0.001 54.0
5437 5000 50 1 0.001 102.4
72463 5000 50 1 0.001 57.8
97856 5000 50 1 0.001 86.0
7105 5000 50 1 0.001 72.0
3189 5000 50 1 0.001 96.0
13594 5000 50 1 0.001 81.0
4 5000 50 1 0.001 59.0
Media:5000 50 1 0.001 77.02000000000001
1234 5000 50 1 1.0 70.2
242359 5000 50 1 1.0 88.6
986 5000 50 1 1.0 54.0
5437 5000 50 1 1.0 95.6
72463 5000 50 1 1.0 55.4
97856 5000 50 1 1.0 80.6
7105 5000 50 1 1.0 70.8
3189 5000 50 1 1.0 95.8
13594 5000 50 1 1.0 78.6
4 5000 50 1 1.0 58.2
Media:5000 50 1 1.0 74.78
1234 5000 50 2 0.1 70.8
242359 5000 50 2 0.1 89.8
986 5000 50 2 0.1 53.2
5437 5000 50 2 0.1 99.0
72463 5000 50 2 0.1 56.4
97856 5000 50 2 0.1 85.6
7105 5000 50 2 0.1 72.0
3189 5000 50 2 0.1 95.8
13594 5000 50 2 0.1 81.0
4 5000 50 2 0.1 59.2
Media:5000 50 2 0.1 76.28
1234 5000 50 2 0.01 72.0
242359 5000 50 2 0.01 91.0
986 5000 50 2 0.01 53.8
5437 5000 50 2 0.01 96.6
72463 5000 50 2 0.01 58.0
97856 5000 50 2 0.01 85.2
7105 5000 50 2 0.01 71.4
3189 5000 50 2 0.01 95.4
13594 5000 50 2 0.01 81.0
4 5000 50 2 0.01 57.8
Media:5000 50 2 0.01 76.22
1234 5000 50 2 0.001 71.8
242359 5000 50 2 0.001 89.8
986 5000 50 2 0.001 50.6
5437 5000 50 2 0.001 103.2
72463 5000 50 2 0.001 57.8
97856 5000 50 2 0.001 86.0
7105 5000 50 2 0.001 70.0
3189 5000 50 2 0.001 94.6
13594 5000 50 2 0.001 80.8
4 5000 50 2 0.001 58.4
Media:5000 50 2 0.001 76.3
1234 5000 50 2 1.0 70.2
242359 5000 50 2 1.0 84.6
986 5000 50 2 1.0 53.0
5437 5000 50 2 1.0 97.6
72463 5000 50 2 1.0 56.4
97856 5000 50 2 1.0 83.4
7105 5000 50 2 1.0 68.4
3189 5000 50 2 1.0 95.8
13594 5000 50 2 1.0 77.2
4 5000 50 2 1.0 58.0
Media:5000 50 2 1.0 74.46
1234 5000 50 3 0.1 71.4
242359 5000 50 3 0.1 91.0
986 5000 50 3 0.1 53.6
5437 5000 50 3 0.1 98.8
72463 5000 50 3 0.1 55.6
97856 5000 50 3 0.1 85.8
7105 5000 50 3 0.1 71.6
3189 5000 50 3 0.1 94.0
13594 5000 50 3 0.1 81.0
4 5000 50 3 0.1 59.8
Media:5000 50 3 0.1 76.26
1234 5000 50 3 0.01 71.0
242359 5000 50 3 0.01 90.2
986 5000 50 3 0.01 52.8
5437 5000 50 3 0.01 101.8
72463 5000 50 3 0.01 56.2
97856 5000 50 3 0.01 83.8
7105 5000 50 3 0.01 68.2
3189 5000 50 3 0.01 96.0
13594 5000 50 3 0.01 81.0
4 5000 50 3 0.01 57.0
Media:5000 50 3 0.01 75.8
1234 5000 50 3 0.001 68.0
242359 5000 50 3 0.001 89.4
986 5000 50 3 0.001 50.4
5437 5000 50 3 0.001 96.4
72463 5000 50 3 0.001 55.8
97856 5000 50 3 0.001 82.4
7105 5000 50 3 0.001 69.6
3189 5000 50 3 0.001 93.4
13594 5000 50 3 0.001 80.2
4 5000 50 3 0.001 56.8
Media:5000 50 3 0.001 74.24000000000001
1234 5000 50 3 1.0 68.6
242359 5000 50 3 1.0 86.0
986 5000 50 3 1.0 52.8
5437 5000 50 3 1.0 94.8
72463 5000 50 3 1.0 53.4
97856 5000 50 3 1.0 81.2
7105 5000 50 3 1.0 67.2
3189 5000 50 3 1.0 95.6
13594 5000 50 3 1.0 77.4
4 5000 50 3 1.0 53.8
Media:5000 50 3 1.0 73.07999999999998
1234 5000 50 4 0.1 69.4
242359 5000 50 4 0.1 88.0
986 5000 50 4 0.1 52.6
5437 5000 50 4 0.1 99.0
72463 5000 50 4 0.1 56.0
97856 5000 50 4 0.1 81.2
7105 5000 50 4 0.1 68.4
3189 5000 50 4 0.1 95.4
13594 5000 50 4 0.1 81.0
4 5000 50 4 0.1 55.2
Media:5000 50 4 0.1 74.62
1234 5000 50 4 0.01 69.0
242359 5000 50 4 0.01 89.4
986 5000 50 4 0.01 54.0
5437 5000 50 4 0.01 100.8
72463 5000 50 4 0.01 56.6
97856 5000 50 4 0.01 81.4
7105 5000 50 4 0.01 69.4
3189 5000 50 4 0.01 89.6
13594 5000 50 4 0.01 81.0
4 5000 50 4 0.01 56.4
Media:5000 50 4 0.01 74.76
1234 5000 50 4 0.001 67.0
242359 5000 50 4 0.001 84.4
986 5000 50 4 0.001 51.2
5437 5000 50 4 0.001 94.4
72463 5000 50 4 0.001 52.2
97856 5000 50 4 0.001 78.0
7105 5000 50 4 0.001 69.2
3189 5000 50 4 0.001 93.4
13594 5000 50 4 0.001 76.2
4 5000 50 4 0.001 54.4
Media:5000 50 4 0.001 72.03999999999999
1234 5000 50 4 1.0 68.8
242359 5000 50 4 1.0 82.4
986 5000 50 4 1.0 53.2
5437 5000 50 4 1.0 93.6
72463 5000 50 4 1.0 49.0
97856 5000 50 4 1.0 75.8
7105 5000 50 4 1.0 67.0
3189 5000 50 4 1.0 93.2
13594 5000 50 4 1.0 74.6
4 5000 50 4 1.0 53.6
Media:5000 50 4 1.0 71.12
1234 5000 50 5 0.1 69.6
242359 5000 50 5 0.1 86.0
986 5000 50 5 0.1 51.2
5437 5000 50 5 0.1 94.0
72463 5000 50 5 0.1 51.4
97856 5000 50 5 0.1 83.0
7105 5000 50 5 0.1 67.4
3189 5000 50 5 0.1 95.8
13594 5000 50 5 0.1 80.8
4 5000 50 5 0.1 58.6
Media:5000 50 5 0.1 73.78
1234 5000 50 5 0.01 71.0
242359 5000 50 5 0.01 89.8
986 5000 50 5 0.01 51.8
5437 5000 50 5 0.01 99.2
72463 5000 50 5 0.01 53.0
97856 5000 50 5 0.01 81.6
7105 5000 50 5 0.01 68.2
3189 5000 50 5 0.01 95.8
13594 5000 50 5 0.01 79.6
4 5000 50 5 0.01 57.2
Media:5000 50 5 0.01 74.72
1234 5000 50 5 0.001 65.6
242359 5000 50 5 0.001 82.6
986 5000 50 5 0.001 49.8
5437 5000 50 5 0.001 98.4
72463 5000 50 5 0.001 47.8
97856 5000 50 5 0.001 76.0
7105 5000 50 5 0.001 61.2
3189 5000 50 5 0.001 86.6
13594 5000 50 5 0.001 74.0
4 5000 50 5 0.001 53.0
Media:5000 50 5 0.001 69.5
1234 5000 50 5 1.0 66.6
242359 5000 50 5 1.0 85.0
986 5000 50 5 1.0 52.4
5437 5000 50 5 1.0 90.2
72463 5000 50 5 1.0 51.0
97856 5000 50 5 1.0 80.2
7105 5000 50 5 1.0 62.0
3189 5000 50 5 1.0 91.6
13594 5000 50 5 1.0 75.4
4 5000 50 5 1.0 54.2
Media:5000 50 5 1.0 70.86
1234 5000 50 6 0.1 69.4
242359 5000 50 6 0.1 83.8
986 5000 50 6 0.1 51.2
5437 5000 50 6 0.1 101.0
72463 5000 50 6 0.1 55.0
97856 5000 50 6 0.1 78.4
7105 5000 50 6 0.1 67.6
3189 5000 50 6 0.1 91.8
13594 5000 50 6 0.1 78.6
4 5000 50 6 0.1 58.0
Media:5000 50 6 0.1 73.47999999999999
1234 5000 50 6 0.01 70.2
242359 5000 50 6 0.01 88.4
986 5000 50 6 0.01 51.2
5437 5000 50 6 0.01 101.8
72463 5000 50 6 0.01 56.6
97856 5000 50 6 0.01 80.2
7105 5000 50 6 0.01 69.6
3189 5000 50 6 0.01 93.0
13594 5000 50 6 0.01 78.0
4 5000 50 6 0.01 54.6
Media:5000 50 6 0.01 74.36
1234 5000 50 6 0.001 65.8
242359 5000 50 6 0.001 73.4
986 5000 50 6 0.001 45.8
5437 5000 50 6 0.001 95.0
72463 5000 50 6 0.001 45.6
97856 5000 50 6 0.001 63.0
7105 5000 50 6 0.001 56.8
3189 5000 50 6 0.001 86.0
13594 5000 50 6 0.001 70.2
4 5000 50 6 0.001 45.4
Media:5000 50 6 0.001 64.70000000000002
1234 5000 50 6 1.0 68.0
242359 5000 50 6 1.0 86.6
986 5000 50 6 1.0 47.8
5437 5000 50 6 1.0 98.6
72463 5000 50 6 1.0 51.6
97856 5000 50 6 1.0 73.8
7105 5000 50 6 1.0 67.4
3189 5000 50 6 1.0 92.6
13594 5000 50 6 1.0 76.2
4 5000 50 6 1.0 49.4
Media:5000 50 6 1.0 71.20000000000002
1234 5000 50 7 0.1 68.8
242359 5000 50 7 0.1 84.6
986 5000 50 7 0.1 48.0
5437 5000 50 7 0.1 102.8
72463 5000 50 7 0.1 53.0
97856 5000 50 7 0.1 79.4
7105 5000 50 7 0.1 67.4
3189 5000 50 7 0.1 91.8
13594 5000 50 7 0.1 76.2
4 5000 50 7 0.1 57.0
Media:5000 50 7 0.1 72.9
1234 5000 50 7 0.01 67.0
242359 5000 50 7 0.01 87.4
986 5000 50 7 0.01 49.8
5437 5000 50 7 0.01 98.6
72463 5000 50 7 0.01 52.6
97856 5000 50 7 0.01 81.2
7105 5000 50 7 0.01 65.8
3189 5000 50 7 0.01 91.2
13594 5000 50 7 0.01 79.4
4 5000 50 7 0.01 55.2
Media:5000 50 7 0.01 72.82000000000001
1234 5000 50 7 0.001 48.4
242359 5000 50 7 0.001 77.4
986 5000 50 7 0.001 42.2
5437 5000 50 7 0.001 90.6
72463 5000 50 7 0.001 43.6
97856 5000 50 7 0.001 66.4
7105 5000 50 7 0.001 55.4
3189 5000 50 7 0.001 87.6
13594 5000 50 7 0.001 68.0
4 5000 50 7 0.001 41.0
Media:5000 50 7 0.001 62.06
1234 5000 50 7 1.0 66.0
242359 5000 50 7 1.0 79.4
986 5000 50 7 1.0 48.6
5437 5000 50 7 1.0 97.2
72463 5000 50 7 1.0 50.2
97856 5000 50 7 1.0 81.4
7105 5000 50 7 1.0 59.8
3189 5000 50 7 1.0 91.4
13594 5000 50 7 1.0 70.0
4 5000 50 7 1.0 56.0
Media:5000 50 7 1.0 70.0
1234 5000 50 8 0.1 68.6
242359 5000 50 8 0.1 83.2
986 5000 50 8 0.1 51.8
5437 5000 50 8 0.1 95.0
72463 5000 50 8 0.1 52.4
97856 5000 50 8 0.1 83.2
7105 5000 50 8 0.1 69.0
3189 5000 50 8 0.1 95.0
13594 5000 50 8 0.1 78.0
4 5000 50 8 0.1 57.6
Media:5000 50 8 0.1 73.38000000000001
1234 5000 50 8 0.01 66.4
242359 5000 50 8 0.01 80.4
986 5000 50 8 0.01 48.6
5437 5000 50 8 0.01 102.2
72463 5000 50 8 0.01 50.2
97856 5000 50 8 0.01 79.4
7105 5000 50 8 0.01 62.2
3189 5000 50 8 0.01 89.0
13594 5000 50 8 0.01 80.4
4 5000 50 8 0.01 50.8
Media:5000 50 8 0.01 70.96000000000001
1234 5000 50 8 0.001 50.0
242359 5000 50 8 0.001 77.4
986 5000 50 8 0.001 45.4
5437 5000 50 8 0.001 80.4
72463 5000 50 8 0.001 44.6
97856 5000 50 8 0.001 66.2
7105 5000 50 8 0.001 52.0
3189 5000 50 8 0.001 73.2
13594 5000 50 8 0.001 63.0
4 5000 50 8 0.001 44.2
Media:5000 50 8 0.001 59.64000000000001
1234 5000 50 8 1.0 66.6
242359 5000 50 8 1.0 76.2
986 5000 50 8 1.0 48.4
5437 5000 50 8 1.0 97.2
72463 5000 50 8 1.0 55.2
97856 5000 50 8 1.0 75.8
7105 5000 50 8 1.0 65.4
3189 5000 50 8 1.0 93.4
13594 5000 50 8 1.0 73.4
4 5000 50 8 1.0 52.0
Media:5000 50 8 1.0 70.36
1234 5000 50 9 0.1 69.4
242359 5000 50 9 0.1 88.8
986 5000 50 9 0.1 52.2
5437 5000 50 9 0.1 97.2
72463 5000 50 9 0.1 54.2
97856 5000 50 9 0.1 78.8
7105 5000 50 9 0.1 64.6
3189 5000 50 9 0.1 89.8
13594 5000 50 9 0.1 75.4
4 5000 50 9 0.1 57.0
Media:5000 50 9 0.1 72.73999999999998
1234 5000 50 9 0.01 66.6
242359 5000 50 9 0.01 82.4
986 5000 50 9 0.01 50.0
5437 5000 50 9 0.01 91.6
72463 5000 50 9 0.01 46.2
97856 5000 50 9 0.01 76.6
7105 5000 50 9 0.01 63.6
3189 5000 50 9 0.01 88.4
13594 5000 50 9 0.01 79.4
4 5000 50 9 0.01 53.2
Media:5000 50 9 0.01 69.8
1234 5000 50 9 0.001 52.6
242359 5000 50 9 0.001 79.0
986 5000 50 9 0.001 44.4
5437 5000 50 9 0.001 83.4
72463 5000 50 9 0.001 46.4
97856 5000 50 9 0.001 64.2
7105 5000 50 9 0.001 44.4
3189 5000 50 9 0.001 84.2
13594 5000 50 9 0.001 58.8
4 5000 50 9 0.001 47.0
Media:5000 50 9 0.001 60.43999999999998
1234 5000 50 9 1.0 65.6
242359 5000 50 9 1.0 84.0
986 5000 50 9 1.0 48.8
5437 5000 50 9 1.0 91.2
72463 5000 50 9 1.0 47.4
97856 5000 50 9 1.0 74.8
7105 5000 50 9 1.0 56.2
3189 5000 50 9 1.0 88.6
13594 5000 50 9 1.0 75.0
4 5000 50 9 1.0 48.0
Media:5000 50 9 1.0 67.96
1234 5000 50 10 0.1 68.0
242359 5000 50 10 0.1 86.0
986 5000 50 10 0.1 51.8
5437 5000 50 10 0.1 102.8
72463 5000 50 10 0.1 46.8
97856 5000 50 10 0.1 76.0
7105 5000 50 10 0.1 63.4
3189 5000 50 10 0.1 93.6
13594 5000 50 10 0.1 76.2
4 5000 50 10 0.1 56.2
Media:5000 50 10 0.1 72.08000000000001
1234 5000 50 10 0.01 69.4
242359 5000 50 10 0.01 78.6
986 5000 50 10 0.01 48.2
5437 5000 50 10 0.01 96.8
72463 5000 50 10 0.01 43.6
97856 5000 50 10 0.01 70.4
7105 5000 50 10 0.01 59.4
3189 5000 50 10 0.01 86.0
13594 5000 50 10 0.01 74.2
4 5000 50 10 0.01 52.0
Media:5000 50 10 0.01 67.86
1234 5000 50 10 0.001 57.8
242359 5000 50 10 0.001 63.8
986 5000 50 10 0.001 45.0
5437 5000 50 10 0.001 82.0
72463 5000 50 10 0.001 35.4
97856 5000 50 10 0.001 66.0
7105 5000 50 10 0.001 56.0
3189 5000 50 10 0.001 82.0
13594 5000 50 10 0.001 59.6
4 5000 50 10 0.001 42.2
Media:5000 50 10 0.001 58.980000000000004
1234 5000 50 10 1.0 65.4
242359 5000 50 10 1.0 79.0
986 5000 50 10 1.0 48.8
5437 5000 50 10 1.0 93.0
72463 5000 50 10 1.0 51.8
97856 5000 50 10 1.0 77.2
7105 5000 50 10 1.0 59.0
3189 5000 50 10 1.0 86.0
13594 5000 50 10 1.0 74.8
4 5000 50 10 1.0 47.8
Media:5000 50 10 1.0 68.28
