1234 3000 5 1 0.1 71.8
1234 3000 5 1 0.01 71.4
1234 3000 5 1 0.001 71.4
1234 3000 5 1 0.0 70.8
1234 3000 5 1 1.0 71.2
1234 3000 5 2 0.1 71.6
1234 3000 5 2 0.01 72.0
1234 3000 5 2 0.001 71.2
1234 3000 5 2 0.0 64.8
1234 3000 5 2 1.0 71.2
1234 3000 5 3 0.1 71.6
1234 3000 5 3 0.01 70.4
1234 3000 5 3 0.001 68.4
1234 3000 5 3 0.0 62.2
1234 3000 5 3 1.0 71.0
1234 3000 5 4 0.1 71.8
1234 3000 5 4 0.01 68.0
1234 3000 5 4 0.001 67.0
1234 3000 5 4 0.0 51.2
1234 3000 5 4 1.0 71.6
1234 3000 5 5 0.1 71.8
1234 3000 5 5 0.01 70.6
1234 3000 5 5 0.001 58.4
1234 3000 5 5 0.0 39.0
1234 3000 5 5 1.0 71.4
1234 3000 5 6 0.1 71.2
1234 3000 5 6 0.01 69.0
1234 3000 5 6 0.001 58.0
1234 3000 5 6 0.0 39.4
1234 3000 5 6 1.0 69.2
1234 3000 5 7 0.1 68.6
1234 3000 5 7 0.01 70.4
1234 3000 5 7 0.001 55.4
1234 3000 5 7 0.0 35.6
1234 3000 5 7 1.0 70.8
1234 3000 5 8 0.1 70.6
1234 3000 5 8 0.01 66.4
1234 3000 5 8 0.001 51.8
1234 3000 5 8 0.0 36.0
1234 3000 5 8 1.0 71.0
1234 3000 5 9 0.1 70.8
1234 3000 5 9 0.01 65.6
1234 3000 5 9 0.001 47.6
1234 3000 5 9 0.0 35.0
1234 3000 5 9 1.0 70.2
1234 3000 5 10 0.1 68.8
1234 3000 5 10 0.01 68.0
1234 3000 5 10 0.001 50.4
1234 3000 5 10 0.0 29.6
1234 3000 5 10 1.0 70.6
1234 3000 10 1 0.1 71.4
1234 3000 10 1 0.01 71.8
1234 3000 10 1 0.001 72.0
1234 3000 10 1 0.0 71.2
1234 3000 10 1 1.0 70.6
1234 3000 10 2 0.1 71.8
1234 3000 10 2 0.01 71.4
1234 3000 10 2 0.001 70.6
1234 3000 10 2 0.0 64.4
1234 3000 10 2 1.0 71.6
1234 3000 10 3 0.1 71.8
1234 3000 10 3 0.01 69.2
1234 3000 10 3 0.001 70.8
1234 3000 10 3 0.0 56.8
1234 3000 10 3 1.0 71.4
1234 3000 10 4 0.1 71.8
1234 3000 10 4 0.01 69.6
1234 3000 10 4 0.001 67.4
1234 3000 10 4 0.0 51.8
1234 3000 10 4 1.0 69.6
1234 3000 10 5 0.1 68.4
1234 3000 10 5 0.01 69.6
1234 3000 10 5 0.001 63.4
1234 3000 10 5 0.0 45.2
1234 3000 10 5 1.0 70.8
1234 3000 10 6 0.1 71.2
1234 3000 10 6 0.01 70.2
1234 3000 10 6 0.001 53.8
1234 3000 10 6 0.0 43.2
1234 3000 10 6 1.0 70.8
1234 3000 10 7 0.1 71.6
1234 3000 10 7 0.01 67.2
1234 3000 10 7 0.001 53.6
1234 3000 10 7 0.0 35.6
1234 3000 10 7 1.0 71.8
1234 3000 10 8 0.1 71.2
1234 3000 10 8 0.01 67.2
1234 3000 10 8 0.001 50.4
1234 3000 10 8 0.0 34.8
1234 3000 10 8 1.0 66.2
1234 3000 10 9 0.1 71.8
1234 3000 10 9 0.01 69.0
1234 3000 10 9 0.001 51.6
1234 3000 10 9 0.0 32.0
1234 3000 10 9 1.0 71.0
1234 3000 10 10 0.1 71.8
1234 3000 10 10 0.01 67.0
1234 3000 10 10 0.001 43.2
1234 3000 10 10 0.0 30.6
1234 3000 10 10 1.0 70.8
1234 3000 20 1 0.1 71.8
1234 3000 20 1 0.01 71.6
1234 3000 20 1 0.001 71.6
1234 3000 20 1 0.0 71.8
1234 3000 20 1 1.0 70.8
1234 3000 20 2 0.1 71.6
1234 3000 20 2 0.01 71.6
1234 3000 20 2 0.001 70.8
1234 3000 20 2 0.0 67.6
1234 3000 20 2 1.0 71.4
1234 3000 20 3 0.1 72.0
1234 3000 20 3 0.01 69.4
1234 3000 20 3 0.001 68.2
1234 3000 20 3 0.0 62.2
1234 3000 20 3 1.0 71.0
1234 3000 20 4 0.1 71.2
1234 3000 20 4 0.01 70.8
1234 3000 20 4 0.001 64.8
1234 3000 20 4 0.0 52.4
1234 3000 20 4 1.0 71.8
1234 3000 20 5 0.1 71.8
1234 3000 20 5 0.01 71.2
1234 3000 20 5 0.001 63.8
1234 3000 20 5 0.0 42.8
1234 3000 20 5 1.0 70.4
1234 3000 20 6 0.1 70.6
1234 3000 20 6 0.01 68.6
1234 3000 20 6 0.001 63.4
1234 3000 20 6 0.0 42.8
1234 3000 20 6 1.0 71.2
1234 3000 20 7 0.1 71.4
1234 3000 20 7 0.01 65.8
1234 3000 20 7 0.001 57.0
1234 3000 20 7 0.0 34.4
1234 3000 20 7 1.0 69.0
1234 3000 20 8 0.1 70.0
1234 3000 20 8 0.01 70.0
1234 3000 20 8 0.001 48.6
1234 3000 20 8 0.0 37.6
1234 3000 20 8 1.0 70.6
1234 3000 20 9 0.1 69.6
1234 3000 20 9 0.01 70.0
1234 3000 20 9 0.001 53.8
1234 3000 20 9 0.0 38.6
1234 3000 20 9 1.0 72.0
1234 3000 20 10 0.1 70.0
1234 3000 20 10 0.01 70.0
1234 3000 20 10 0.001 52.0
1234 3000 20 10 0.0 32.0
1234 3000 20 10 1.0 71.4
1234 3000 30 1 0.1 72.0
1234 3000 30 1 0.01 71.2
1234 3000 30 1 0.001 71.0
1234 3000 30 1 0.0 71.2
1234 3000 30 1 1.0 69.8
1234 3000 30 2 0.1 72.0
1234 3000 30 2 0.01 71.4
1234 3000 30 2 0.001 70.4
1234 3000 30 2 0.0 67.2
1234 3000 30 2 1.0 71.4
1234 3000 30 3 0.1 71.4
1234 3000 30 3 0.01 70.4
1234 3000 30 3 0.001 68.6
1234 3000 30 3 0.0 56.0
1234 3000 30 3 1.0 68.6
1234 3000 30 4 0.1 71.6
1234 3000 30 4 0.01 68.6
1234 3000 30 4 0.001 64.6
1234 3000 30 4 0.0 52.4
1234 3000 30 4 1.0 71.0
1234 3000 30 5 0.1 70.0
1234 3000 30 5 0.01 69.8
1234 3000 30 5 0.001 62.8
1234 3000 30 5 0.0 38.6
1234 3000 30 5 1.0 70.4
1234 3000 30 6 0.1 71.4
1234 3000 30 6 0.01 68.6
1234 3000 30 6 0.001 59.0
1234 3000 30 6 0.0 36.2
1234 3000 30 6 1.0 69.4
1234 3000 30 7 0.1 70.2
1234 3000 30 7 0.01 69.8
1234 3000 30 7 0.001 52.6
1234 3000 30 7 0.0 30.2
1234 3000 30 7 1.0 71.2
1234 3000 30 8 0.1 71.0
1234 3000 30 8 0.01 66.2
1234 3000 30 8 0.001 45.8
1234 3000 30 8 0.0 39.6
1234 3000 30 8 1.0 66.0
1234 3000 30 9 0.1 70.2
1234 3000 30 9 0.01 67.4
1234 3000 30 9 0.001 46.8
1234 3000 30 9 0.0 34.6
1234 3000 30 9 1.0 70.6
1234 3000 30 10 0.1 66.6
1234 3000 30 10 0.01 68.2
1234 3000 30 10 0.001 42.6
1234 3000 30 10 0.0 33.2
1234 3000 30 10 1.0 69.2
1234 3000 50 1 0.1 71.6
1234 3000 50 1 0.01 71.6
1234 3000 50 1 0.001 71.8
1234 3000 50 1 0.0 71.2
1234 3000 50 1 1.0 70.0
1234 3000 50 2 0.1 71.4
1234 3000 50 2 0.01 69.0
1234 3000 50 2 0.001 71.2
1234 3000 50 2 0.0 68.6
1234 3000 50 2 1.0 68.6
1234 3000 50 3 0.1 71.6
1234 3000 50 3 0.01 70.6
1234 3000 50 3 0.001 67.2
1234 3000 50 3 0.0 63.0
1234 3000 50 3 1.0 69.8
1234 3000 50 4 0.1 71.6
1234 3000 50 4 0.01 68.8
1234 3000 50 4 0.001 63.4
1234 3000 50 4 0.0 48.6
1234 3000 50 4 1.0 67.0
1234 3000 50 5 0.1 70.8
1234 3000 50 5 0.01 71.0
1234 3000 50 5 0.001 63.6
1234 3000 50 5 0.0 40.4
1234 3000 50 5 1.0 69.0
1234 3000 50 6 0.1 71.2
1234 3000 50 6 0.01 68.8
1234 3000 50 6 0.001 48.8
1234 3000 50 6 0.0 42.6
1234 3000 50 6 1.0 65.8
1234 3000 50 7 0.1 67.2
1234 3000 50 7 0.01 69.0
1234 3000 50 7 0.001 55.8
1234 3000 50 7 0.0 38.0
1234 3000 50 7 1.0 67.2
1234 3000 50 8 0.1 69.8
1234 3000 50 8 0.01 69.6
1234 3000 50 8 0.001 56.6
1234 3000 50 8 0.0 36.8
1234 3000 50 8 1.0 65.6
1234 3000 50 9 0.1 70.8
1234 3000 50 9 0.01 67.4
1234 3000 50 9 0.001 49.0
1234 3000 50 9 0.0 39.4
1234 3000 50 9 1.0 67.6
1234 3000 50 10 0.1 65.6
1234 3000 50 10 0.01 63.4
1234 3000 50 10 0.001 47.4
1234 3000 50 10 0.0 32.8
1234 3000 50 10 1.0 69.6
242359 3000 5 1 0.1 87.2
242359 3000 5 1 0.01 91.0
242359 3000 5 1 0.001 89.4
242359 3000 5 1 0.0 88.6
242359 3000 5 1 1.0 88.6
242359 3000 5 2 0.1 91.0
242359 3000 5 2 0.01 89.0
242359 3000 5 2 0.001 90.6
242359 3000 5 2 0.0 81.2
242359 3000 5 2 1.0 86.0
242359 3000 5 3 0.1 91.0
242359 3000 5 3 0.01 90.2
242359 3000 5 3 0.001 88.6
242359 3000 5 3 0.0 73.8
242359 3000 5 3 1.0 87.4
242359 3000 5 4 0.1 88.4
242359 3000 5 4 0.01 85.4
242359 3000 5 4 0.001 84.4
242359 3000 5 4 0.0 63.8
242359 3000 5 4 1.0 87.2
242359 3000 5 5 0.1 89.8
242359 3000 5 5 0.01 86.6
242359 3000 5 5 0.001 84.6
242359 3000 5 5 0.0 55.2
242359 3000 5 5 1.0 88.4
242359 3000 5 6 0.1 89.4
242359 3000 5 6 0.01 86.2
242359 3000 5 6 0.001 83.2
242359 3000 5 6 0.0 47.2
242359 3000 5 6 1.0 90.8
242359 3000 5 7 0.1 88.2
242359 3000 5 7 0.01 83.2
242359 3000 5 7 0.001 80.6
242359 3000 5 7 0.0 50.6
242359 3000 5 7 1.0 90.8
242359 3000 5 8 0.1 86.8
242359 3000 5 8 0.01 84.8
242359 3000 5 8 0.001 73.0
242359 3000 5 8 0.0 41.0
242359 3000 5 8 1.0 83.2
242359 3000 5 9 0.1 86.8
242359 3000 5 9 0.01 81.6
242359 3000 5 9 0.001 64.0
242359 3000 5 9 0.0 43.2
242359 3000 5 9 1.0 89.2
242359 3000 5 10 0.1 91.0
242359 3000 5 10 0.01 85.6
242359 3000 5 10 0.001 70.6
242359 3000 5 10 0.0 42.4
242359 3000 5 10 1.0 88.2
242359 3000 10 1 0.1 89.2
242359 3000 10 1 0.01 87.8
242359 3000 10 1 0.001 88.0
242359 3000 10 1 0.0 90.8
242359 3000 10 1 1.0 90.2
242359 3000 10 2 0.1 87.0
242359 3000 10 2 0.01 90.6
242359 3000 10 2 0.001 87.4
242359 3000 10 2 0.0 86.2
242359 3000 10 2 1.0 84.8
242359 3000 10 3 0.1 91.0
242359 3000 10 3 0.01 90.4
242359 3000 10 3 0.001 87.8
242359 3000 10 3 0.0 72.8
242359 3000 10 3 1.0 87.0
242359 3000 10 4 0.1 90.2
242359 3000 10 4 0.01 85.6
242359 3000 10 4 0.001 84.0
242359 3000 10 4 0.0 69.6
242359 3000 10 4 1.0 88.2
242359 3000 10 5 0.1 91.0
242359 3000 10 5 0.01 88.6
242359 3000 10 5 0.001 79.8
242359 3000 10 5 0.0 56.6
242359 3000 10 5 1.0 87.4
242359 3000 10 6 0.1 89.8
242359 3000 10 6 0.01 89.6
242359 3000 10 6 0.001 77.2
242359 3000 10 6 0.0 47.4
242359 3000 10 6 1.0 90.6
242359 3000 10 7 0.1 89.6
242359 3000 10 7 0.01 83.8
242359 3000 10 7 0.001 75.6
242359 3000 10 7 0.0 52.6
242359 3000 10 7 1.0 86.8
242359 3000 10 8 0.1 84.2
242359 3000 10 8 0.01 88.8
242359 3000 10 8 0.001 75.2
242359 3000 10 8 0.0 45.4
242359 3000 10 8 1.0 82.2
242359 3000 10 9 0.1 87.6
242359 3000 10 9 0.01 84.0
242359 3000 10 9 0.001 65.8
242359 3000 10 9 0.0 45.8
242359 3000 10 9 1.0 82.8
242359 3000 10 10 0.1 86.4
242359 3000 10 10 0.01 83.2
242359 3000 10 10 0.001 66.6
242359 3000 10 10 0.0 36.4
242359 3000 10 10 1.0 88.8
242359 3000 20 1 0.1 89.8
242359 3000 20 1 0.01 91.0
242359 3000 20 1 0.001 91.0
242359 3000 20 1 0.0 90.8
242359 3000 20 1 1.0 88.6
242359 3000 20 2 0.1 89.2
242359 3000 20 2 0.01 90.8
242359 3000 20 2 0.001 90.0
242359 3000 20 2 0.0 83.6
242359 3000 20 2 1.0 88.0
242359 3000 20 3 0.1 88.4
242359 3000 20 3 0.01 90.2
242359 3000 20 3 0.001 87.8
242359 3000 20 3 0.0 77.4
242359 3000 20 3 1.0 89.4
242359 3000 20 4 0.1 86.4
242359 3000 20 4 0.01 86.6
242359 3000 20 4 0.001 84.0
242359 3000 20 4 0.0 61.8
242359 3000 20 4 1.0 88.8
242359 3000 20 5 0.1 87.0
242359 3000 20 5 0.01 86.4
242359 3000 20 5 0.001 84.8
242359 3000 20 5 0.0 55.6
242359 3000 20 5 1.0 84.8
242359 3000 20 6 0.1 87.4
242359 3000 20 6 0.01 86.0
242359 3000 20 6 0.001 71.4
242359 3000 20 6 0.0 53.2
242359 3000 20 6 1.0 87.0
242359 3000 20 7 0.1 87.8
242359 3000 20 7 0.01 87.8
242359 3000 20 7 0.001 78.0
242359 3000 20 7 0.0 52.2
242359 3000 20 7 1.0 85.0
242359 3000 20 8 0.1 88.0
242359 3000 20 8 0.01 88.2
242359 3000 20 8 0.001 67.2
242359 3000 20 8 0.0 53.6
242359 3000 20 8 1.0 86.6
242359 3000 20 9 0.1 89.0
242359 3000 20 9 0.01 87.4
242359 3000 20 9 0.001 70.8
242359 3000 20 9 0.0 36.8
242359 3000 20 9 1.0 86.0
242359 3000 20 10 0.1 85.6
242359 3000 20 10 0.01 81.2
242359 3000 20 10 0.001 62.8
242359 3000 20 10 0.0 47.4
242359 3000 20 10 1.0 89.6
242359 3000 30 1 0.1 91.0
242359 3000 30 1 0.01 89.2
242359 3000 30 1 0.001 90.0
242359 3000 30 1 0.0 89.8
242359 3000 30 1 1.0 85.0
242359 3000 30 2 0.1 89.6
242359 3000 30 2 0.01 90.6
242359 3000 30 2 0.001 89.8
242359 3000 30 2 0.0 87.0
242359 3000 30 2 1.0 86.0
242359 3000 30 3 0.1 89.2
242359 3000 30 3 0.01 91.0
242359 3000 30 3 0.001 82.2
242359 3000 30 3 0.0 75.8
242359 3000 30 3 1.0 87.8
242359 3000 30 4 0.1 87.0
242359 3000 30 4 0.01 89.4
242359 3000 30 4 0.001 85.6
242359 3000 30 4 0.0 68.8
242359 3000 30 4 1.0 81.4
242359 3000 30 5 0.1 88.6
242359 3000 30 5 0.01 89.0
242359 3000 30 5 0.001 82.8
242359 3000 30 5 0.0 58.2
242359 3000 30 5 1.0 84.4
242359 3000 30 6 0.1 90.2
242359 3000 30 6 0.01 88.6
242359 3000 30 6 0.001 77.8
242359 3000 30 6 0.0 55.4
242359 3000 30 6 1.0 78.8
242359 3000 30 7 0.1 88.8
242359 3000 30 7 0.01 82.0
242359 3000 30 7 0.001 80.2
242359 3000 30 7 0.0 48.4
242359 3000 30 7 1.0 78.8
242359 3000 30 8 0.1 87.2
242359 3000 30 8 0.01 84.0
242359 3000 30 8 0.001 67.0
242359 3000 30 8 0.0 46.4
242359 3000 30 8 1.0 81.8
242359 3000 30 9 0.1 88.4
242359 3000 30 9 0.01 82.4
242359 3000 30 9 0.001 67.6
242359 3000 30 9 0.0 39.4
242359 3000 30 9 1.0 83.2
242359 3000 30 10 0.1 82.4
242359 3000 30 10 0.01 85.8
242359 3000 30 10 0.001 70.2
242359 3000 30 10 0.0 41.0
242359 3000 30 10 1.0 81.6
242359 3000 50 1 0.1 90.6
242359 3000 50 1 0.01 88.2
242359 3000 50 1 0.001 91.0
242359 3000 50 1 0.0 90.6
242359 3000 50 1 1.0 87.0
242359 3000 50 2 0.1 89.4
242359 3000 50 2 0.01 89.8
242359 3000 50 2 0.001 88.2
242359 3000 50 2 0.0 83.6
242359 3000 50 2 1.0 88.0
242359 3000 50 3 0.1 89.6
242359 3000 50 3 0.01 87.6
242359 3000 50 3 0.001 83.6
242359 3000 50 3 0.0 73.8
242359 3000 50 3 1.0 87.2
242359 3000 50 4 0.1 87.8
242359 3000 50 4 0.01 88.8
242359 3000 50 4 0.001 82.6
242359 3000 50 4 0.0 70.2
242359 3000 50 4 1.0 84.0
242359 3000 50 5 0.1 85.2
242359 3000 50 5 0.01 89.8
242359 3000 50 5 0.001 83.2
242359 3000 50 5 0.0 59.0
242359 3000 50 5 1.0 83.6
242359 3000 50 6 0.1 86.4
242359 3000 50 6 0.01 86.6
242359 3000 50 6 0.001 78.4
242359 3000 50 6 0.0 48.2
242359 3000 50 6 1.0 81.4
242359 3000 50 7 0.1 88.6
242359 3000 50 7 0.01 84.4
242359 3000 50 7 0.001 72.0
242359 3000 50 7 0.0 49.6
242359 3000 50 7 1.0 82.2
242359 3000 50 8 0.1 90.8
242359 3000 50 8 0.01 81.6
242359 3000 50 8 0.001 74.2
242359 3000 50 8 0.0 50.8
242359 3000 50 8 1.0 77.2
242359 3000 50 9 0.1 87.4
242359 3000 50 9 0.01 83.6
242359 3000 50 9 0.001 70.0
242359 3000 50 9 0.0 48.0
242359 3000 50 9 1.0 76.6
242359 3000 50 10 0.1 83.8
242359 3000 50 10 0.01 83.4
242359 3000 50 10 0.001 64.0
242359 3000 50 10 0.0 45.4
242359 3000 50 10 1.0 82.8
986 3000 5 1 0.1 54.0
986 3000 5 1 0.01 54.0
986 3000 5 1 0.001 54.0
986 3000 5 1 0.0 53.6
986 3000 5 1 1.0 54.0
986 3000 5 2 0.1 53.2
986 3000 5 2 0.01 54.0
986 3000 5 2 0.001 53.0
986 3000 5 2 0.0 52.4
986 3000 5 2 1.0 52.4
986 3000 5 3 0.1 53.0
986 3000 5 3 0.01 54.0
986 3000 5 3 0.001 52.6
986 3000 5 3 0.0 50.8
986 3000 5 3 1.0 54.0
986 3000 5 4 0.1 54.0
986 3000 5 4 0.01 53.6
986 3000 5 4 0.001 50.4
986 3000 5 4 0.0 48.8
986 3000 5 4 1.0 54.0
986 3000 5 5 0.1 51.6
986 3000 5 5 0.01 49.8
986 3000 5 5 0.001 49.6
986 3000 5 5 0.0 46.4
986 3000 5 5 1.0 53.2
986 3000 5 6 0.1 51.4
986 3000 5 6 0.01 49.6
986 3000 5 6 0.001 49.8
986 3000 5 6 0.0 51.8
986 3000 5 6 1.0 53.2
986 3000 5 7 0.1 54.0
986 3000 5 7 0.01 51.6
986 3000 5 7 0.001 47.4
986 3000 5 7 0.0 41.8
986 3000 5 7 1.0 54.0
986 3000 5 8 0.1 53.4
986 3000 5 8 0.01 47.6
986 3000 5 8 0.001 44.2
986 3000 5 8 0.0 46.4
986 3000 5 8 1.0 54.0
986 3000 5 9 0.1 53.2
986 3000 5 9 0.01 47.4
986 3000 5 9 0.001 42.4
986 3000 5 9 0.0 43.6
986 3000 5 9 1.0 54.0
986 3000 5 10 0.1 54.0
986 3000 5 10 0.01 46.8
986 3000 5 10 0.001 48.8
986 3000 5 10 0.0 44.0
986 3000 5 10 1.0 54.0
986 3000 10 1 0.1 54.0
986 3000 10 1 0.01 54.0
986 3000 10 1 0.001 53.8
986 3000 10 1 0.0 54.0
986 3000 10 1 1.0 54.0
986 3000 10 2 0.1 54.0
986 3000 10 2 0.01 54.0
986 3000 10 2 0.001 53.2
986 3000 10 2 0.0 53.2
986 3000 10 2 1.0 53.8
986 3000 10 3 0.1 54.0
986 3000 10 3 0.01 52.2
986 3000 10 3 0.001 51.6
986 3000 10 3 0.0 50.0
986 3000 10 3 1.0 53.6
986 3000 10 4 0.1 54.0
986 3000 10 4 0.01 52.2
986 3000 10 4 0.001 52.0
986 3000 10 4 0.0 49.4
986 3000 10 4 1.0 53.0
986 3000 10 5 0.1 52.4
986 3000 10 5 0.01 54.0
986 3000 10 5 0.001 47.2
986 3000 10 5 0.0 45.6
986 3000 10 5 1.0 53.4
986 3000 10 6 0.1 54.0
986 3000 10 6 0.01 50.0
986 3000 10 6 0.001 44.6
986 3000 10 6 0.0 43.6
986 3000 10 6 1.0 52.4
986 3000 10 7 0.1 54.0
986 3000 10 7 0.01 52.4
986 3000 10 7 0.001 47.2
986 3000 10 7 0.0 45.8
986 3000 10 7 1.0 51.0
986 3000 10 8 0.1 54.0
986 3000 10 8 0.01 50.2
986 3000 10 8 0.001 39.8
986 3000 10 8 0.0 46.6
986 3000 10 8 1.0 50.6
986 3000 10 9 0.1 52.0
986 3000 10 9 0.01 48.0
986 3000 10 9 0.001 42.0
986 3000 10 9 0.0 43.4
986 3000 10 9 1.0 54.0
986 3000 10 10 0.1 50.0
986 3000 10 10 0.01 48.4
986 3000 10 10 0.001 43.6
986 3000 10 10 0.0 44.8
986 3000 10 10 1.0 52.2
986 3000 20 1 0.1 54.0
986 3000 20 1 0.01 54.0
986 3000 20 1 0.001 54.0
986 3000 20 1 0.0 53.8
986 3000 20 1 1.0 54.0
986 3000 20 2 0.1 54.0
986 3000 20 2 0.01 54.0
986 3000 20 2 0.001 51.8
986 3000 20 2 0.0 51.2
986 3000 20 2 1.0 53.6
986 3000 20 3 0.1 54.0
986 3000 20 3 0.01 53.0
986 3000 20 3 0.001 50.8
986 3000 20 3 0.0 51.6
986 3000 20 3 1.0 54.0
986 3000 20 4 0.1 52.8
986 3000 20 4 0.01 53.6
986 3000 20 4 0.001 48.6
986 3000 20 4 0.0 49.8
986 3000 20 4 1.0 54.0
986 3000 20 5 0.1 52.2
986 3000 20 5 0.01 52.0
986 3000 20 5 0.001 47.4
986 3000 20 5 0.0 47.4
986 3000 20 5 1.0 52.4
986 3000 20 6 0.1 53.2
986 3000 20 6 0.01 50.2
986 3000 20 6 0.001 47.0
986 3000 20 6 0.0 47.6
986 3000 20 6 1.0 52.0
986 3000 20 7 0.1 52.4
986 3000 20 7 0.01 49.0
986 3000 20 7 0.001 44.6
986 3000 20 7 0.0 48.2
986 3000 20 7 1.0 51.8
986 3000 20 8 0.1 51.0
986 3000 20 8 0.01 46.4
986 3000 20 8 0.001 45.6
986 3000 20 8 0.0 45.2
986 3000 20 8 1.0 54.0
986 3000 20 9 0.1 53.2
986 3000 20 9 0.01 52.6
986 3000 20 9 0.001 43.4
986 3000 20 9 0.0 46.4
986 3000 20 9 1.0 51.0
986 3000 20 10 0.1 53.2
986 3000 20 10 0.01 49.8
986 3000 20 10 0.001 39.0
986 3000 20 10 0.0 43.0
986 3000 20 10 1.0 48.2
986 3000 30 1 0.1 54.0
986 3000 30 1 0.01 54.0
986 3000 30 1 0.001 53.6
986 3000 30 1 0.0 53.8
986 3000 30 1 1.0 54.0
986 3000 30 2 0.1 54.0
986 3000 30 2 0.01 54.0
986 3000 30 2 0.001 53.6
986 3000 30 2 0.0 52.2
986 3000 30 2 1.0 54.0
986 3000 30 3 0.1 54.0
986 3000 30 3 0.01 53.2
986 3000 30 3 0.001 52.0
986 3000 30 3 0.0 50.8
986 3000 30 3 1.0 54.0
986 3000 30 4 0.1 53.2
986 3000 30 4 0.01 54.0
986 3000 30 4 0.001 51.0
986 3000 30 4 0.0 50.0
986 3000 30 4 1.0 52.6
986 3000 30 5 0.1 54.0
986 3000 30 5 0.01 53.4
986 3000 30 5 0.001 48.8
986 3000 30 5 0.0 51.4
986 3000 30 5 1.0 53.0
986 3000 30 6 0.1 52.2
986 3000 30 6 0.01 52.8
986 3000 30 6 0.001 47.4
986 3000 30 6 0.0 47.0
986 3000 30 6 1.0 53.2
986 3000 30 7 0.1 54.0
986 3000 30 7 0.01 51.8
986 3000 30 7 0.001 49.4
986 3000 30 7 0.0 46.4
986 3000 30 7 1.0 49.2
986 3000 30 8 0.1 51.0
986 3000 30 8 0.01 51.4
986 3000 30 8 0.001 42.2
986 3000 30 8 0.0 50.0
986 3000 30 8 1.0 51.4
986 3000 30 9 0.1 48.2
986 3000 30 9 0.01 49.6
986 3000 30 9 0.001 44.6
986 3000 30 9 0.0 44.6
986 3000 30 9 1.0 48.2
986 3000 30 10 0.1 50.2
986 3000 30 10 0.01 48.2
986 3000 30 10 0.001 44.4
986 3000 30 10 0.0 45.2
986 3000 30 10 1.0 52.0
986 3000 50 1 0.1 54.0
986 3000 50 1 0.01 53.6
986 3000 50 1 0.001 54.0
986 3000 50 1 0.0 53.4
986 3000 50 1 1.0 54.0
986 3000 50 2 0.1 53.0
986 3000 50 2 0.01 54.0
986 3000 50 2 0.001 52.6
986 3000 50 2 0.0 52.4
986 3000 50 2 1.0 54.0
986 3000 50 3 0.1 51.6
986 3000 50 3 0.01 51.6
986 3000 50 3 0.001 53.0
986 3000 50 3 0.0 50.4
986 3000 50 3 1.0 51.4
986 3000 50 4 0.1 51.6
986 3000 50 4 0.01 50.8
986 3000 50 4 0.001 50.2
986 3000 50 4 0.0 48.8
986 3000 50 4 1.0 52.2
986 3000 50 5 0.1 51.0
986 3000 50 5 0.01 51.2
986 3000 50 5 0.001 48.0
986 3000 50 5 0.0 47.6
986 3000 50 5 1.0 53.2
986 3000 50 6 0.1 51.6
986 3000 50 6 0.01 50.0
986 3000 50 6 0.001 46.6
986 3000 50 6 0.0 51.0
986 3000 50 6 1.0 51.2
986 3000 50 7 0.1 54.0
986 3000 50 7 0.01 50.0
986 3000 50 7 0.001 42.6
986 3000 50 7 0.0 44.0
986 3000 50 7 1.0 49.0
986 3000 50 8 0.1 51.2
986 3000 50 8 0.01 47.0
986 3000 50 8 0.001 41.8
986 3000 50 8 0.0 47.6
986 3000 50 8 1.0 50.2
986 3000 50 9 0.1 50.6
986 3000 50 9 0.01 51.6
986 3000 50 9 0.001 44.2
986 3000 50 9 0.0 41.4
986 3000 50 9 1.0 46.8
986 3000 50 10 0.1 50.4
986 3000 50 10 0.01 46.8
986 3000 50 10 0.001 46.2
986 3000 50 10 0.0 42.4
986 3000 50 10 1.0 49.4
5437 3000 5 1 0.1 102.4
5437 3000 5 1 0.01 99.6
5437 3000 5 1 0.001 102.8
5437 3000 5 1 0.0 100.0
5437 3000 5 1 1.0 99.8
5437 3000 5 2 0.1 97.4
5437 3000 5 2 0.01 99.8
5437 3000 5 2 0.001 99.4
5437 3000 5 2 0.0 99.2
5437 3000 5 2 1.0 98.2
5437 3000 5 3 0.1 102.2
5437 3000 5 3 0.01 102.2
5437 3000 5 3 0.001 97.6
5437 3000 5 3 0.0 79.4
5437 3000 5 3 1.0 100.8
5437 3000 5 4 0.1 97.6
5437 3000 5 4 0.01 102.0
5437 3000 5 4 0.001 98.8
5437 3000 5 4 0.0 71.4
5437 3000 5 4 1.0 97.4
5437 3000 5 5 0.1 102.2
5437 3000 5 5 0.01 103.0
5437 3000 5 5 0.001 85.2
5437 3000 5 5 0.0 66.4
5437 3000 5 5 1.0 97.8
5437 3000 5 6 0.1 102.4
5437 3000 5 6 0.01 99.4
5437 3000 5 6 0.001 90.2
5437 3000 5 6 0.0 49.6
5437 3000 5 6 1.0 99.0
5437 3000 5 7 0.1 103.2
5437 3000 5 7 0.01 98.4
5437 3000 5 7 0.001 82.6
5437 3000 5 7 0.0 42.0
5437 3000 5 7 1.0 98.2
5437 3000 5 8 0.1 98.2
5437 3000 5 8 0.01 95.6
5437 3000 5 8 0.001 86.4
5437 3000 5 8 0.0 39.0
5437 3000 5 8 1.0 94.6
5437 3000 5 9 0.1 99.6
5437 3000 5 9 0.01 95.6
5437 3000 5 9 0.001 79.4
5437 3000 5 9 0.0 48.0
5437 3000 5 9 1.0 97.4
5437 3000 5 10 0.1 100.0
5437 3000 5 10 0.01 93.0
5437 3000 5 10 0.001 75.4
5437 3000 5 10 0.0 45.8
5437 3000 5 10 1.0 97.2
5437 3000 10 1 0.1 102.8
5437 3000 10 1 0.01 93.0
5437 3000 10 1 0.001 98.2
5437 3000 10 1 0.0 100.4
5437 3000 10 1 1.0 95.6
5437 3000 10 2 0.1 102.8
5437 3000 10 2 0.01 100.4
5437 3000 10 2 0.001 99.2
5437 3000 10 2 0.0 97.0
5437 3000 10 2 1.0 101.0
5437 3000 10 3 0.1 103.4
5437 3000 10 3 0.01 101.8
5437 3000 10 3 0.001 100.4
5437 3000 10 3 0.0 85.8
5437 3000 10 3 1.0 98.6
5437 3000 10 4 0.1 101.6
5437 3000 10 4 0.01 99.0
5437 3000 10 4 0.001 96.6
5437 3000 10 4 0.0 73.6
5437 3000 10 4 1.0 100.4
5437 3000 10 5 0.1 102.4
5437 3000 10 5 0.01 96.0
5437 3000 10 5 0.001 93.2
5437 3000 10 5 0.0 58.2
5437 3000 10 5 1.0 97.2
5437 3000 10 6 0.1 99.6
5437 3000 10 6 0.01 99.6
5437 3000 10 6 0.001 86.2
5437 3000 10 6 0.0 58.8
5437 3000 10 6 1.0 97.0
5437 3000 10 7 0.1 100.6
5437 3000 10 7 0.01 95.8
5437 3000 10 7 0.001 75.2
5437 3000 10 7 0.0 45.8
5437 3000 10 7 1.0 97.2
5437 3000 10 8 0.1 96.2
5437 3000 10 8 0.01 97.4
5437 3000 10 8 0.001 83.4
5437 3000 10 8 0.0 49.6
5437 3000 10 8 1.0 98.8
5437 3000 10 9 0.1 95.2
5437 3000 10 9 0.01 95.6
5437 3000 10 9 0.001 74.8
5437 3000 10 9 0.0 48.0
5437 3000 10 9 1.0 97.2
5437 3000 10 10 0.1 97.6
5437 3000 10 10 0.01 91.0
5437 3000 10 10 0.001 75.6
5437 3000 10 10 0.0 41.8
5437 3000 10 10 1.0 99.4
5437 3000 20 1 0.1 101.4
5437 3000 20 1 0.01 99.4
5437 3000 20 1 0.001 99.0
5437 3000 20 1 0.0 100.0
5437 3000 20 1 1.0 100.0
5437 3000 20 2 0.1 96.2
5437 3000 20 2 0.01 99.0
5437 3000 20 2 0.001 101.6
5437 3000 20 2 0.0 94.4
5437 3000 20 2 1.0 94.8
5437 3000 20 3 0.1 101.0
5437 3000 20 3 0.01 96.0
5437 3000 20 3 0.001 98.8
5437 3000 20 3 0.0 85.4
5437 3000 20 3 1.0 99.6
5437 3000 20 4 0.1 102.4
5437 3000 20 4 0.01 95.8
5437 3000 20 4 0.001 98.8
5437 3000 20 4 0.0 74.8
5437 3000 20 4 1.0 92.6
5437 3000 20 5 0.1 100.6
5437 3000 20 5 0.01 101.0
5437 3000 20 5 0.001 93.4
5437 3000 20 5 0.0 67.8
5437 3000 20 5 1.0 95.8
5437 3000 20 6 0.1 99.6
5437 3000 20 6 0.01 98.2
5437 3000 20 6 0.001 90.8
5437 3000 20 6 0.0 51.0
5437 3000 20 6 1.0 97.8
5437 3000 20 7 0.1 101.2
5437 3000 20 7 0.01 96.4
5437 3000 20 7 0.001 84.0
5437 3000 20 7 0.0 52.0
5437 3000 20 7 1.0 89.0
5437 3000 20 8 0.1 101.2
5437 3000 20 8 0.01 96.0
5437 3000 20 8 0.001 81.6
5437 3000 20 8 0.0 48.2
5437 3000 20 8 1.0 99.8
5437 3000 20 9 0.1 100.2
5437 3000 20 9 0.01 94.6
5437 3000 20 9 0.001 77.2
5437 3000 20 9 0.0 47.8
5437 3000 20 9 1.0 90.2
5437 3000 20 10 0.1 99.0
5437 3000 20 10 0.01 96.4
5437 3000 20 10 0.001 71.4
5437 3000 20 10 0.0 38.2
5437 3000 20 10 1.0 95.6
5437 3000 30 1 0.1 102.4
5437 3000 30 1 0.01 100.8
5437 3000 30 1 0.001 100.8
5437 3000 30 1 0.0 102.6
5437 3000 30 1 1.0 100.4
5437 3000 30 2 0.1 101.0
5437 3000 30 2 0.01 101.0
5437 3000 30 2 0.001 98.4
5437 3000 30 2 0.0 97.2
5437 3000 30 2 1.0 96.8
5437 3000 30 3 0.1 99.8
5437 3000 30 3 0.01 101.8
5437 3000 30 3 0.001 100.2
5437 3000 30 3 0.0 83.4
5437 3000 30 3 1.0 96.4
5437 3000 30 4 0.1 100.8
5437 3000 30 4 0.01 96.6
5437 3000 30 4 0.001 90.6
5437 3000 30 4 0.0 70.0
5437 3000 30 4 1.0 96.6
5437 3000 30 5 0.1 100.0
5437 3000 30 5 0.01 95.0
5437 3000 30 5 0.001 92.4
5437 3000 30 5 0.0 68.0
5437 3000 30 5 1.0 97.0
5437 3000 30 6 0.1 102.0
5437 3000 30 6 0.01 94.8
5437 3000 30 6 0.001 87.2
5437 3000 30 6 0.0 57.4
5437 3000 30 6 1.0 96.6
5437 3000 30 7 0.1 99.6
5437 3000 30 7 0.01 97.8
5437 3000 30 7 0.001 84.4
5437 3000 30 7 0.0 47.0
5437 3000 30 7 1.0 93.8
5437 3000 30 8 0.1 100.4
5437 3000 30 8 0.01 99.2
5437 3000 30 8 0.001 80.2
5437 3000 30 8 0.0 49.2
5437 3000 30 8 1.0 90.2
5437 3000 30 9 0.1 98.6
5437 3000 30 9 0.01 95.4
5437 3000 30 9 0.001 82.4
5437 3000 30 9 0.0 40.4
5437 3000 30 9 1.0 89.0
5437 3000 30 10 0.1 102.0
5437 3000 30 10 0.01 92.6
5437 3000 30 10 0.001 73.4
5437 3000 30 10 0.0 33.6
5437 3000 30 10 1.0 92.6
5437 3000 50 1 0.1 100.4
5437 3000 50 1 0.01 96.0
5437 3000 50 1 0.001 101.6
5437 3000 50 1 0.0 101.0
5437 3000 50 1 1.0 98.4
5437 3000 50 2 0.1 99.8
5437 3000 50 2 0.01 99.8
5437 3000 50 2 0.001 101.8
5437 3000 50 2 0.0 95.6
5437 3000 50 2 1.0 98.0
5437 3000 50 3 0.1 102.0
5437 3000 50 3 0.01 97.0
5437 3000 50 3 0.001 94.4
5437 3000 50 3 0.0 87.6
5437 3000 50 3 1.0 98.2
5437 3000 50 4 0.1 98.2
5437 3000 50 4 0.01 98.4
5437 3000 50 4 0.001 90.6
5437 3000 50 4 0.0 66.4
5437 3000 50 4 1.0 96.0
5437 3000 50 5 0.1 100.2
5437 3000 50 5 0.01 99.2
5437 3000 50 5 0.001 88.8
5437 3000 50 5 0.0 63.6
5437 3000 50 5 1.0 96.8
5437 3000 50 6 0.1 100.4
5437 3000 50 6 0.01 102.8
5437 3000 50 6 0.001 93.4
5437 3000 50 6 0.0 63.4
5437 3000 50 6 1.0 93.0
5437 3000 50 7 0.1 91.8
5437 3000 50 7 0.01 96.6
5437 3000 50 7 0.001 90.6
5437 3000 50 7 0.0 45.8
5437 3000 50 7 1.0 88.8
5437 3000 50 8 0.1 102.8
5437 3000 50 8 0.01 94.4
5437 3000 50 8 0.001 74.4
5437 3000 50 8 0.0 48.8
5437 3000 50 8 1.0 95.0
5437 3000 50 9 0.1 99.2
5437 3000 50 9 0.01 92.6
5437 3000 50 9 0.001 77.0
5437 3000 50 9 0.0 39.6
5437 3000 50 9 1.0 87.4
5437 3000 50 10 0.1 99.4
5437 3000 50 10 0.01 94.0
5437 3000 50 10 0.001 67.0
5437 3000 50 10 0.0 38.8
5437 3000 50 10 1.0 89.0
72463 3000 5 1 0.1 58.0
72463 3000 5 1 0.01 58.0
72463 3000 5 1 0.001 58.0
72463 3000 5 1 0.0 58.0
72463 3000 5 1 1.0 57.0
72463 3000 5 2 0.1 58.0
72463 3000 5 2 0.01 58.0
72463 3000 5 2 0.001 56.0
72463 3000 5 2 0.0 53.8
72463 3000 5 2 1.0 55.0
72463 3000 5 3 0.1 56.4
72463 3000 5 3 0.01 57.8
72463 3000 5 3 0.001 54.2
72463 3000 5 3 0.0 47.0
72463 3000 5 3 1.0 56.4
72463 3000 5 4 0.1 57.0
72463 3000 5 4 0.01 55.2
72463 3000 5 4 0.001 50.8
72463 3000 5 4 0.0 41.8
72463 3000 5 4 1.0 58.0
72463 3000 5 5 0.1 57.2
72463 3000 5 5 0.01 58.0
72463 3000 5 5 0.001 48.8
72463 3000 5 5 0.0 47.6
72463 3000 5 5 1.0 55.8
72463 3000 5 6 0.1 56.8
72463 3000 5 6 0.01 52.0
72463 3000 5 6 0.001 43.6
72463 3000 5 6 0.0 41.4
72463 3000 5 6 1.0 53.6
72463 3000 5 7 0.1 58.0
72463 3000 5 7 0.01 50.8
72463 3000 5 7 0.001 41.2
72463 3000 5 7 0.0 37.4
72463 3000 5 7 1.0 56.8
72463 3000 5 8 0.1 56.6
72463 3000 5 8 0.01 51.4
72463 3000 5 8 0.001 39.0
72463 3000 5 8 0.0 32.2
72463 3000 5 8 1.0 56.0
72463 3000 5 9 0.1 57.2
72463 3000 5 9 0.01 51.8
72463 3000 5 9 0.001 36.6
72463 3000 5 9 0.0 37.6
72463 3000 5 9 1.0 57.6
72463 3000 5 10 0.1 54.0
72463 3000 5 10 0.01 45.4
72463 3000 5 10 0.001 39.4
72463 3000 5 10 0.0 32.4
72463 3000 5 10 1.0 56.8
72463 3000 10 1 0.1 58.0
72463 3000 10 1 0.01 58.0
72463 3000 10 1 0.001 57.6
72463 3000 10 1 0.0 58.0
72463 3000 10 1 1.0 57.0
72463 3000 10 2 0.1 56.8
72463 3000 10 2 0.01 56.8
72463 3000 10 2 0.001 57.2
72463 3000 10 2 0.0 56.4
72463 3000 10 2 1.0 57.6
72463 3000 10 3 0.1 57.0
72463 3000 10 3 0.01 58.0
72463 3000 10 3 0.001 55.0
72463 3000 10 3 0.0 52.8
72463 3000 10 3 1.0 57.6
72463 3000 10 4 0.1 58.0
72463 3000 10 4 0.01 57.8
72463 3000 10 4 0.001 49.2
72463 3000 10 4 0.0 45.0
72463 3000 10 4 1.0 56.4
72463 3000 10 5 0.1 58.0
72463 3000 10 5 0.01 57.4
72463 3000 10 5 0.001 44.2
72463 3000 10 5 0.0 44.2
72463 3000 10 5 1.0 54.6
72463 3000 10 6 0.1 57.2
72463 3000 10 6 0.01 55.0
72463 3000 10 6 0.001 41.8
72463 3000 10 6 0.0 37.2
72463 3000 10 6 1.0 56.2
72463 3000 10 7 0.1 58.0
72463 3000 10 7 0.01 52.6
72463 3000 10 7 0.001 45.0
72463 3000 10 7 0.0 44.6
72463 3000 10 7 1.0 55.6
72463 3000 10 8 0.1 57.0
72463 3000 10 8 0.01 52.4
72463 3000 10 8 0.001 39.6
72463 3000 10 8 0.0 35.8
72463 3000 10 8 1.0 55.2
72463 3000 10 9 0.1 53.2
72463 3000 10 9 0.01 53.0
72463 3000 10 9 0.001 45.6
72463 3000 10 9 0.0 32.0
72463 3000 10 9 1.0 55.4
72463 3000 10 10 0.1 57.4
72463 3000 10 10 0.01 50.6
72463 3000 10 10 0.001 44.8
72463 3000 10 10 0.0 37.2
72463 3000 10 10 1.0 56.8
72463 3000 20 1 0.1 57.6
72463 3000 20 1 0.01 58.0
72463 3000 20 1 0.001 57.0
72463 3000 20 1 0.0 56.8
72463 3000 20 1 1.0 55.4
72463 3000 20 2 0.1 56.6
72463 3000 20 2 0.01 58.0
72463 3000 20 2 0.001 55.6
72463 3000 20 2 0.0 54.4
72463 3000 20 2 1.0 56.0
72463 3000 20 3 0.1 58.0
72463 3000 20 3 0.01 56.4
72463 3000 20 3 0.001 55.8
72463 3000 20 3 0.0 47.2
72463 3000 20 3 1.0 57.6
72463 3000 20 4 0.1 58.0
72463 3000 20 4 0.01 55.2
72463 3000 20 4 0.001 54.6
72463 3000 20 4 0.0 44.2
72463 3000 20 4 1.0 57.2
72463 3000 20 5 0.1 57.0
72463 3000 20 5 0.01 51.6
72463 3000 20 5 0.001 48.2
72463 3000 20 5 0.0 43.4
72463 3000 20 5 1.0 55.4
72463 3000 20 6 0.1 53.4
72463 3000 20 6 0.01 53.4
72463 3000 20 6 0.001 44.6
72463 3000 20 6 0.0 47.8
72463 3000 20 6 1.0 54.2
72463 3000 20 7 0.1 55.0
72463 3000 20 7 0.01 52.8
72463 3000 20 7 0.001 44.6
72463 3000 20 7 0.0 40.0
72463 3000 20 7 1.0 53.6
72463 3000 20 8 0.1 51.6
72463 3000 20 8 0.01 51.6
72463 3000 20 8 0.001 42.6
72463 3000 20 8 0.0 36.4
72463 3000 20 8 1.0 54.4
72463 3000 20 9 0.1 56.6
72463 3000 20 9 0.01 53.6
72463 3000 20 9 0.001 37.4
72463 3000 20 9 0.0 35.6
72463 3000 20 9 1.0 53.2
72463 3000 20 10 0.1 55.0
72463 3000 20 10 0.01 53.8
72463 3000 20 10 0.001 38.6
72463 3000 20 10 0.0 43.2
72463 3000 20 10 1.0 51.4
72463 3000 30 1 0.1 58.0
72463 3000 30 1 0.01 56.2
72463 3000 30 1 0.001 56.4
72463 3000 30 1 0.0 56.2
72463 3000 30 1 1.0 57.4
72463 3000 30 2 0.1 58.0
72463 3000 30 2 0.01 58.0
72463 3000 30 2 0.001 57.6
72463 3000 30 2 0.0 57.2
72463 3000 30 2 1.0 55.8
72463 3000 30 3 0.1 57.8
72463 3000 30 3 0.01 57.8
72463 3000 30 3 0.001 52.6
72463 3000 30 3 0.0 46.6
72463 3000 30 3 1.0 57.0
72463 3000 30 4 0.1 57.4
72463 3000 30 4 0.01 54.0
72463 3000 30 4 0.001 52.4
72463 3000 30 4 0.0 46.0
72463 3000 30 4 1.0 54.4
72463 3000 30 5 0.1 56.2
72463 3000 30 5 0.01 54.8
72463 3000 30 5 0.001 47.2
72463 3000 30 5 0.0 43.6
72463 3000 30 5 1.0 54.4
72463 3000 30 6 0.1 55.0
72463 3000 30 6 0.01 52.6
72463 3000 30 6 0.001 47.0
72463 3000 30 6 0.0 46.0
72463 3000 30 6 1.0 57.0
72463 3000 30 7 0.1 56.0
72463 3000 30 7 0.01 53.2
72463 3000 30 7 0.001 35.2
72463 3000 30 7 0.0 37.8
72463 3000 30 7 1.0 51.2
72463 3000 30 8 0.1 56.2
72463 3000 30 8 0.01 53.0
72463 3000 30 8 0.001 43.4
72463 3000 30 8 0.0 38.2
72463 3000 30 8 1.0 51.0
72463 3000 30 9 0.1 55.0
72463 3000 30 9 0.01 55.4
72463 3000 30 9 0.001 45.0
72463 3000 30 9 0.0 35.0
72463 3000 30 9 1.0 53.8
72463 3000 30 10 0.1 52.2
72463 3000 30 10 0.01 50.2
72463 3000 30 10 0.001 36.4
72463 3000 30 10 0.0 39.4
72463 3000 30 10 1.0 51.4
72463 3000 50 1 0.1 56.2
72463 3000 50 1 0.01 58.0
72463 3000 50 1 0.001 58.0
72463 3000 50 1 0.0 57.4
72463 3000 50 1 1.0 57.2
72463 3000 50 2 0.1 58.0
72463 3000 50 2 0.01 57.8
72463 3000 50 2 0.001 55.2
72463 3000 50 2 0.0 54.0
72463 3000 50 2 1.0 55.0
72463 3000 50 3 0.1 55.2
72463 3000 50 3 0.01 57.8
72463 3000 50 3 0.001 56.8
72463 3000 50 3 0.0 51.4
72463 3000 50 3 1.0 51.4
72463 3000 50 4 0.1 56.8
72463 3000 50 4 0.01 53.8
72463 3000 50 4 0.001 51.6
72463 3000 50 4 0.0 44.0
72463 3000 50 4 1.0 53.4
72463 3000 50 5 0.1 45.2
72463 3000 50 5 0.01 54.0
72463 3000 50 5 0.001 45.8
72463 3000 50 5 0.0 42.0
72463 3000 50 5 1.0 54.8
72463 3000 50 6 0.1 57.2
72463 3000 50 6 0.01 52.8
72463 3000 50 6 0.001 39.6
72463 3000 50 6 0.0 42.4
72463 3000 50 6 1.0 46.6
72463 3000 50 7 0.1 52.6
72463 3000 50 7 0.01 51.0
72463 3000 50 7 0.001 42.6
72463 3000 50 7 0.0 43.4
72463 3000 50 7 1.0 47.8
72463 3000 50 8 0.1 48.6
72463 3000 50 8 0.01 52.6
72463 3000 50 8 0.001 40.4
72463 3000 50 8 0.0 42.6
72463 3000 50 8 1.0 47.4
72463 3000 50 9 0.1 49.4
72463 3000 50 9 0.01 49.8
72463 3000 50 9 0.001 30.8
72463 3000 50 9 0.0 38.4
72463 3000 50 9 1.0 44.6
72463 3000 50 10 0.1 52.6
72463 3000 50 10 0.01 48.8
72463 3000 50 10 0.001 40.0
72463 3000 50 10 0.0 35.2
72463 3000 50 10 1.0 46.2
97856 3000 5 1 0.1 86.0
97856 3000 5 1 0.01 84.0
97856 3000 5 1 0.001 81.6
97856 3000 5 1 0.0 85.4
97856 3000 5 1 1.0 84.2
97856 3000 5 2 0.1 85.2
97856 3000 5 2 0.01 86.0
97856 3000 5 2 0.001 84.0
97856 3000 5 2 0.0 77.8
97856 3000 5 2 1.0 85.4
97856 3000 5 3 0.1 85.2
97856 3000 5 3 0.01 85.2
97856 3000 5 3 0.001 81.6
97856 3000 5 3 0.0 72.4
97856 3000 5 3 1.0 81.4
97856 3000 5 4 0.1 85.2
97856 3000 5 4 0.01 85.2
97856 3000 5 4 0.001 81.4
97856 3000 5 4 0.0 61.2
97856 3000 5 4 1.0 84.6
97856 3000 5 5 0.1 85.6
97856 3000 5 5 0.01 83.0
97856 3000 5 5 0.001 78.2
97856 3000 5 5 0.0 52.0
97856 3000 5 5 1.0 84.8
97856 3000 5 6 0.1 85.2
97856 3000 5 6 0.01 79.2
97856 3000 5 6 0.001 77.8
97856 3000 5 6 0.0 61.6
97856 3000 5 6 1.0 84.8
97856 3000 5 7 0.1 85.4
97856 3000 5 7 0.01 83.6
97856 3000 5 7 0.001 69.6
97856 3000 5 7 0.0 48.0
97856 3000 5 7 1.0 85.0
97856 3000 5 8 0.1 82.4
97856 3000 5 8 0.01 82.8
97856 3000 5 8 0.001 63.2
97856 3000 5 8 0.0 52.8
97856 3000 5 8 1.0 84.8
97856 3000 5 9 0.1 86.0
97856 3000 5 9 0.01 73.8
97856 3000 5 9 0.001 64.4
97856 3000 5 9 0.0 44.6
97856 3000 5 9 1.0 85.0
97856 3000 5 10 0.1 85.6
97856 3000 5 10 0.01 73.4
97856 3000 5 10 0.001 57.0
97856 3000 5 10 0.0 43.2
97856 3000 5 10 1.0 84.6
97856 3000 10 1 0.1 85.2
97856 3000 10 1 0.01 86.0
97856 3000 10 1 0.001 86.0
97856 3000 10 1 0.0 85.6
97856 3000 10 1 1.0 85.0
97856 3000 10 2 0.1 85.8
97856 3000 10 2 0.01 83.8
97856 3000 10 2 0.001 84.0
97856 3000 10 2 0.0 78.0
97856 3000 10 2 1.0 83.8
97856 3000 10 3 0.1 86.0
97856 3000 10 3 0.01 84.4
97856 3000 10 3 0.001 84.0
97856 3000 10 3 0.0 73.2
97856 3000 10 3 1.0 81.4
97856 3000 10 4 0.1 85.6
97856 3000 10 4 0.01 81.8
97856 3000 10 4 0.001 78.0
97856 3000 10 4 0.0 61.2
97856 3000 10 4 1.0 83.8
97856 3000 10 5 0.1 83.8
97856 3000 10 5 0.01 84.2
97856 3000 10 5 0.001 75.0
97856 3000 10 5 0.0 62.6
97856 3000 10 5 1.0 84.2
97856 3000 10 6 0.1 82.4
97856 3000 10 6 0.01 80.4
97856 3000 10 6 0.001 77.4
97856 3000 10 6 0.0 58.4
97856 3000 10 6 1.0 80.0
97856 3000 10 7 0.1 83.4
97856 3000 10 7 0.01 77.2
97856 3000 10 7 0.001 72.2
97856 3000 10 7 0.0 48.0
97856 3000 10 7 1.0 84.4
97856 3000 10 8 0.1 86.0
97856 3000 10 8 0.01 78.6
97856 3000 10 8 0.001 65.6
97856 3000 10 8 0.0 44.8
97856 3000 10 8 1.0 85.6
97856 3000 10 9 0.1 84.4
97856 3000 10 9 0.01 82.0
97856 3000 10 9 0.001 65.6
97856 3000 10 9 0.0 45.4
97856 3000 10 9 1.0 84.2
97856 3000 10 10 0.1 85.6
97856 3000 10 10 0.01 83.2
97856 3000 10 10 0.001 58.6
97856 3000 10 10 0.0 57.4
97856 3000 10 10 1.0 82.2
97856 3000 20 1 0.1 85.6
97856 3000 20 1 0.01 85.6
97856 3000 20 1 0.001 86.0
97856 3000 20 1 0.0 85.4
97856 3000 20 1 1.0 83.0
97856 3000 20 2 0.1 82.8
97856 3000 20 2 0.01 84.6
97856 3000 20 2 0.001 85.2
97856 3000 20 2 0.0 81.2
97856 3000 20 2 1.0 85.0
97856 3000 20 3 0.1 85.8
97856 3000 20 3 0.01 83.6
97856 3000 20 3 0.001 84.8
97856 3000 20 3 0.0 74.8
97856 3000 20 3 1.0 85.4
97856 3000 20 4 0.1 83.2
97856 3000 20 4 0.01 83.4
97856 3000 20 4 0.001 80.8
97856 3000 20 4 0.0 58.6
97856 3000 20 4 1.0 82.8
97856 3000 20 5 0.1 83.0
97856 3000 20 5 0.01 81.2
97856 3000 20 5 0.001 76.4
97856 3000 20 5 0.0 62.4
97856 3000 20 5 1.0 82.6
97856 3000 20 6 0.1 81.8
97856 3000 20 6 0.01 85.0
97856 3000 20 6 0.001 70.8
97856 3000 20 6 0.0 55.4
97856 3000 20 6 1.0 81.6
97856 3000 20 7 0.1 83.8
97856 3000 20 7 0.01 82.0
97856 3000 20 7 0.001 74.2
97856 3000 20 7 0.0 50.2
97856 3000 20 7 1.0 80.0
97856 3000 20 8 0.1 83.2
97856 3000 20 8 0.01 80.4
97856 3000 20 8 0.001 61.6
97856 3000 20 8 0.0 46.4
97856 3000 20 8 1.0 73.4
97856 3000 20 9 0.1 84.0
97856 3000 20 9 0.01 79.2
97856 3000 20 9 0.001 65.2
97856 3000 20 9 0.0 49.0
97856 3000 20 9 1.0 85.0
97856 3000 20 10 0.1 85.0
97856 3000 20 10 0.01 79.4
97856 3000 20 10 0.001 58.2
97856 3000 20 10 0.0 42.0
97856 3000 20 10 1.0 84.2
97856 3000 30 1 0.1 83.8
97856 3000 30 1 0.01 85.0
97856 3000 30 1 0.001 86.0
97856 3000 30 1 0.0 85.6
97856 3000 30 1 1.0 81.0
97856 3000 30 2 0.1 83.0
97856 3000 30 2 0.01 85.4
97856 3000 30 2 0.001 83.0
97856 3000 30 2 0.0 79.2
97856 3000 30 2 1.0 83.2
97856 3000 30 3 0.1 80.8
97856 3000 30 3 0.01 82.0
97856 3000 30 3 0.001 84.4
97856 3000 30 3 0.0 78.4
97856 3000 30 3 1.0 84.8
97856 3000 30 4 0.1 81.4
97856 3000 30 4 0.01 80.8
97856 3000 30 4 0.001 80.0
97856 3000 30 4 0.0 68.0
97856 3000 30 4 1.0 83.4
97856 3000 30 5 0.1 85.6
97856 3000 30 5 0.01 81.4
97856 3000 30 5 0.001 82.2
97856 3000 30 5 0.0 58.2
97856 3000 30 5 1.0 82.6
97856 3000 30 6 0.1 80.8
97856 3000 30 6 0.01 82.2
97856 3000 30 6 0.001 69.6
97856 3000 30 6 0.0 48.0
97856 3000 30 6 1.0 85.0
97856 3000 30 7 0.1 83.0
97856 3000 30 7 0.01 72.4
97856 3000 30 7 0.001 64.6
97856 3000 30 7 0.0 50.2
97856 3000 30 7 1.0 82.4
97856 3000 30 8 0.1 83.6
97856 3000 30 8 0.01 81.2
97856 3000 30 8 0.001 67.4
97856 3000 30 8 0.0 43.8
97856 3000 30 8 1.0 82.0
97856 3000 30 9 0.1 82.0
97856 3000 30 9 0.01 82.6
97856 3000 30 9 0.001 56.2
97856 3000 30 9 0.0 54.0
97856 3000 30 9 1.0 77.0
97856 3000 30 10 0.1 76.2
97856 3000 30 10 0.01 75.0
97856 3000 30 10 0.001 57.8
97856 3000 30 10 0.0 42.6
97856 3000 30 10 1.0 72.4
97856 3000 50 1 0.1 83.4
97856 3000 50 1 0.01 86.0
97856 3000 50 1 0.001 85.2
97856 3000 50 1 0.0 86.0
97856 3000 50 1 1.0 82.2
97856 3000 50 2 0.1 83.0
97856 3000 50 2 0.01 82.2
97856 3000 50 2 0.001 81.0
97856 3000 50 2 0.0 82.4
97856 3000 50 2 1.0 83.2
97856 3000 50 3 0.1 83.8
97856 3000 50 3 0.01 81.2
97856 3000 50 3 0.001 83.6
97856 3000 50 3 0.0 73.8
97856 3000 50 3 1.0 84.0
97856 3000 50 4 0.1 83.6
97856 3000 50 4 0.01 85.2
97856 3000 50 4 0.001 80.8
97856 3000 50 4 0.0 64.4
97856 3000 50 4 1.0 84.6
97856 3000 50 5 0.1 78.0
97856 3000 50 5 0.01 84.4
97856 3000 50 5 0.001 82.0
97856 3000 50 5 0.0 59.4
97856 3000 50 5 1.0 84.2
97856 3000 50 6 0.1 85.8
97856 3000 50 6 0.01 81.2
97856 3000 50 6 0.001 70.4
97856 3000 50 6 0.0 58.2
97856 3000 50 6 1.0 78.0
97856 3000 50 7 0.1 84.2
97856 3000 50 7 0.01 79.4
97856 3000 50 7 0.001 70.4
97856 3000 50 7 0.0 54.6
97856 3000 50 7 1.0 81.2
97856 3000 50 8 0.1 84.0
97856 3000 50 8 0.01 79.4
97856 3000 50 8 0.001 68.4
97856 3000 50 8 0.0 47.0
97856 3000 50 8 1.0 76.6
97856 3000 50 9 0.1 81.4
97856 3000 50 9 0.01 80.2
97856 3000 50 9 0.001 66.0
97856 3000 50 9 0.0 40.2
97856 3000 50 9 1.0 72.6
97856 3000 50 10 0.1 78.6
97856 3000 50 10 0.01 73.4
97856 3000 50 10 0.001 59.0
97856 3000 50 10 0.0 43.0
97856 3000 50 10 1.0 74.8
7105 3000 5 1 0.1 71.4
7105 3000 5 1 0.01 72.0
7105 3000 5 1 0.001 68.8
7105 3000 5 1 0.0 72.0
7105 3000 5 1 1.0 72.0
7105 3000 5 2 0.1 70.6
7105 3000 5 2 0.01 72.0
7105 3000 5 2 0.001 71.0
7105 3000 5 2 0.0 68.6
7105 3000 5 2 1.0 72.0
7105 3000 5 3 0.1 70.8
7105 3000 5 3 0.01 69.2
7105 3000 5 3 0.001 71.8
7105 3000 5 3 0.0 60.6
7105 3000 5 3 1.0 71.2
7105 3000 5 4 0.1 71.6
7105 3000 5 4 0.01 71.2
7105 3000 5 4 0.001 67.2
7105 3000 5 4 0.0 62.0
7105 3000 5 4 1.0 70.0
7105 3000 5 5 0.1 69.4
7105 3000 5 5 0.01 68.2
7105 3000 5 5 0.001 59.6
7105 3000 5 5 0.0 53.2
7105 3000 5 5 1.0 71.6
7105 3000 5 6 0.1 67.2
7105 3000 5 6 0.01 68.0
7105 3000 5 6 0.001 53.6
7105 3000 5 6 0.0 52.0
7105 3000 5 6 1.0 69.0
7105 3000 5 7 0.1 69.6
7105 3000 5 7 0.01 69.6
7105 3000 5 7 0.001 50.6
7105 3000 5 7 0.0 44.4
7105 3000 5 7 1.0 71.4
7105 3000 5 8 0.1 70.0
7105 3000 5 8 0.01 63.8
7105 3000 5 8 0.001 54.8
7105 3000 5 8 0.0 40.4
7105 3000 5 8 1.0 70.8
7105 3000 5 9 0.1 71.4
7105 3000 5 9 0.01 62.4
7105 3000 5 9 0.001 46.8
7105 3000 5 9 0.0 35.6
7105 3000 5 9 1.0 71.4
7105 3000 5 10 0.1 71.0
7105 3000 5 10 0.01 61.0
7105 3000 5 10 0.001 50.2
7105 3000 5 10 0.0 35.8
7105 3000 5 10 1.0 71.4
7105 3000 10 1 0.1 71.4
7105 3000 10 1 0.01 72.0
7105 3000 10 1 0.001 70.0
7105 3000 10 1 0.0 70.6
7105 3000 10 1 1.0 72.0
7105 3000 10 2 0.1 71.4
7105 3000 10 2 0.01 71.4
7105 3000 10 2 0.001 70.4
7105 3000 10 2 0.0 67.2
7105 3000 10 2 1.0 69.4
7105 3000 10 3 0.1 72.0
7105 3000 10 3 0.01 67.0
7105 3000 10 3 0.001 69.4
7105 3000 10 3 0.0 62.8
7105 3000 10 3 1.0 70.4
7105 3000 10 4 0.1 72.0
7105 3000 10 4 0.01 68.4
7105 3000 10 4 0.001 65.4
7105 3000 10 4 0.0 53.2
7105 3000 10 4 1.0 69.4
7105 3000 10 5 0.1 66.8
7105 3000 10 5 0.01 66.4
7105 3000 10 5 0.001 63.2
7105 3000 10 5 0.0 55.2
7105 3000 10 5 1.0 69.4
7105 3000 10 6 0.1 68.8
7105 3000 10 6 0.01 60.4
7105 3000 10 6 0.001 63.4
7105 3000 10 6 0.0 43.6
7105 3000 10 6 1.0 67.6
7105 3000 10 7 0.1 69.8
7105 3000 10 7 0.01 64.6
7105 3000 10 7 0.001 52.2
7105 3000 10 7 0.0 46.0
7105 3000 10 7 1.0 68.4
7105 3000 10 8 0.1 68.6
7105 3000 10 8 0.01 66.0
7105 3000 10 8 0.001 54.0
7105 3000 10 8 0.0 49.8
7105 3000 10 8 1.0 69.6
7105 3000 10 9 0.1 69.8
7105 3000 10 9 0.01 65.4
7105 3000 10 9 0.001 51.8
7105 3000 10 9 0.0 51.2
7105 3000 10 9 1.0 71.4
7105 3000 10 10 0.1 69.6
7105 3000 10 10 0.01 64.8
7105 3000 10 10 0.001 41.8
7105 3000 10 10 0.0 32.0
7105 3000 10 10 1.0 70.4
7105 3000 20 1 0.1 72.0
7105 3000 20 1 0.01 72.0
7105 3000 20 1 0.001 72.0
7105 3000 20 1 0.0 72.0
7105 3000 20 1 1.0 70.4
7105 3000 20 2 0.1 72.0
7105 3000 20 2 0.01 69.2
7105 3000 20 2 0.001 71.4
7105 3000 20 2 0.0 67.0
7105 3000 20 2 1.0 72.0
7105 3000 20 3 0.1 71.0
7105 3000 20 3 0.01 69.4
7105 3000 20 3 0.001 68.4
7105 3000 20 3 0.0 65.6
7105 3000 20 3 1.0 72.0
7105 3000 20 4 0.1 72.0
7105 3000 20 4 0.01 68.4
7105 3000 20 4 0.001 66.0
7105 3000 20 4 0.0 53.2
7105 3000 20 4 1.0 70.0
7105 3000 20 5 0.1 69.8
7105 3000 20 5 0.01 68.2
7105 3000 20 5 0.001 53.2
7105 3000 20 5 0.0 45.4
7105 3000 20 5 1.0 69.0
7105 3000 20 6 0.1 67.2
7105 3000 20 6 0.01 66.2
7105 3000 20 6 0.001 59.8
7105 3000 20 6 0.0 50.0
7105 3000 20 6 1.0 66.4
7105 3000 20 7 0.1 71.2
7105 3000 20 7 0.01 63.8
7105 3000 20 7 0.001 45.6
7105 3000 20 7 0.0 43.4
7105 3000 20 7 1.0 64.2
7105 3000 20 8 0.1 71.2
7105 3000 20 8 0.01 63.4
7105 3000 20 8 0.001 48.8
7105 3000 20 8 0.0 35.2
7105 3000 20 8 1.0 66.2
7105 3000 20 9 0.1 65.2
7105 3000 20 9 0.01 64.2
7105 3000 20 9 0.001 48.6
7105 3000 20 9 0.0 41.6
7105 3000 20 9 1.0 68.6
7105 3000 20 10 0.1 68.8
7105 3000 20 10 0.01 67.0
7105 3000 20 10 0.001 50.6
7105 3000 20 10 0.0 39.6
7105 3000 20 10 1.0 63.2
7105 3000 30 1 0.1 71.0
7105 3000 30 1 0.01 72.0
7105 3000 30 1 0.001 71.4
7105 3000 30 1 0.0 71.4
7105 3000 30 1 1.0 72.0
7105 3000 30 2 0.1 69.8
7105 3000 30 2 0.01 71.4
7105 3000 30 2 0.001 72.0
7105 3000 30 2 0.0 68.8
7105 3000 30 2 1.0 66.4
7105 3000 30 3 0.1 72.0
7105 3000 30 3 0.01 70.4
7105 3000 30 3 0.001 68.8
7105 3000 30 3 0.0 64.2
7105 3000 30 3 1.0 70.6
7105 3000 30 4 0.1 71.2
7105 3000 30 4 0.01 68.0
7105 3000 30 4 0.001 64.0
7105 3000 30 4 0.0 57.4
7105 3000 30 4 1.0 68.4
7105 3000 30 5 0.1 67.0
7105 3000 30 5 0.01 70.4
7105 3000 30 5 0.001 56.6
7105 3000 30 5 0.0 53.4
7105 3000 30 5 1.0 70.0
7105 3000 30 6 0.1 68.0
7105 3000 30 6 0.01 64.8
7105 3000 30 6 0.001 60.2
7105 3000 30 6 0.0 46.0
7105 3000 30 6 1.0 64.0
7105 3000 30 7 0.1 68.8
7105 3000 30 7 0.01 62.8
7105 3000 30 7 0.001 54.2
7105 3000 30 7 0.0 44.6
7105 3000 30 7 1.0 67.0
7105 3000 30 8 0.1 67.4
7105 3000 30 8 0.01 64.8
7105 3000 30 8 0.001 46.2
7105 3000 30 8 0.0 42.0
7105 3000 30 8 1.0 63.2
7105 3000 30 9 0.1 67.8
7105 3000 30 9 0.01 56.2
7105 3000 30 9 0.001 52.6
7105 3000 30 9 0.0 38.8
7105 3000 30 9 1.0 66.0
7105 3000 30 10 0.1 65.2
7105 3000 30 10 0.01 62.6
7105 3000 30 10 0.001 43.6
7105 3000 30 10 0.0 43.6
7105 3000 30 10 1.0 63.6
7105 3000 50 1 0.1 70.4
7105 3000 50 1 0.01 70.4
7105 3000 50 1 0.001 72.0
7105 3000 50 1 0.0 71.4
7105 3000 50 1 1.0 69.8
7105 3000 50 2 0.1 72.0
7105 3000 50 2 0.01 70.0
7105 3000 50 2 0.001 70.8
7105 3000 50 2 0.0 67.4
7105 3000 50 2 1.0 67.2
7105 3000 50 3 0.1 70.8
7105 3000 50 3 0.01 71.4
7105 3000 50 3 0.001 66.6
7105 3000 50 3 0.0 62.8
7105 3000 50 3 1.0 70.0
7105 3000 50 4 0.1 67.6
7105 3000 50 4 0.01 69.6
7105 3000 50 4 0.001 62.8
7105 3000 50 4 0.0 56.6
7105 3000 50 4 1.0 69.6
7105 3000 50 5 0.1 67.0
7105 3000 50 5 0.01 67.4
7105 3000 50 5 0.001 62.4
7105 3000 50 5 0.0 46.0
7105 3000 50 5 1.0 61.2
7105 3000 50 6 0.1 67.4
7105 3000 50 6 0.01 62.8
7105 3000 50 6 0.001 54.4
7105 3000 50 6 0.0 52.0
7105 3000 50 6 1.0 67.4
7105 3000 50 7 0.1 71.2
7105 3000 50 7 0.01 65.0
7105 3000 50 7 0.001 58.4
7105 3000 50 7 0.0 43.4
7105 3000 50 7 1.0 61.4
7105 3000 50 8 0.1 67.4
7105 3000 50 8 0.01 61.8
7105 3000 50 8 0.001 47.6
7105 3000 50 8 0.0 40.6
7105 3000 50 8 1.0 62.8
7105 3000 50 9 0.1 65.8
7105 3000 50 9 0.01 64.6
7105 3000 50 9 0.001 53.2
7105 3000 50 9 0.0 41.8
7105 3000 50 9 1.0 59.4
7105 3000 50 10 0.1 63.0
7105 3000 50 10 0.01 59.6
7105 3000 50 10 0.001 47.6
7105 3000 50 10 0.0 34.6
7105 3000 50 10 1.0 61.4
3189 3000 5 1 0.1 95.4
3189 3000 5 1 0.01 96.0
3189 3000 5 1 0.001 94.8
3189 3000 5 1 0.0 96.0
3189 3000 5 1 1.0 94.8
3189 3000 5 2 0.1 95.4
3189 3000 5 2 0.01 96.0
3189 3000 5 2 0.001 94.6
3189 3000 5 2 0.0 94.2
3189 3000 5 2 1.0 94.2
3189 3000 5 3 0.1 95.4
3189 3000 5 3 0.01 95.4
3189 3000 5 3 0.001 90.2
3189 3000 5 3 0.0 89.2
3189 3000 5 3 1.0 95.2
3189 3000 5 4 0.1 95.4
3189 3000 5 4 0.01 93.6
3189 3000 5 4 0.001 92.2
3189 3000 5 4 0.0 82.8
3189 3000 5 4 1.0 88.6
3189 3000 5 5 0.1 95.8
3189 3000 5 5 0.01 93.6
3189 3000 5 5 0.001 86.4
3189 3000 5 5 0.0 77.8
3189 3000 5 5 1.0 95.2
3189 3000 5 6 0.1 94.8
3189 3000 5 6 0.01 92.0
3189 3000 5 6 0.001 82.8
3189 3000 5 6 0.0 64.2
3189 3000 5 6 1.0 95.4
3189 3000 5 7 0.1 93.8
3189 3000 5 7 0.01 89.6
3189 3000 5 7 0.001 79.2
3189 3000 5 7 0.0 66.4
3189 3000 5 7 1.0 94.4
3189 3000 5 8 0.1 94.0
3189 3000 5 8 0.01 92.4
3189 3000 5 8 0.001 81.4
3189 3000 5 8 0.0 54.2
3189 3000 5 8 1.0 94.4
3189 3000 5 9 0.1 96.0
3189 3000 5 9 0.01 91.4
3189 3000 5 9 0.001 71.6
3189 3000 5 9 0.0 60.8
3189 3000 5 9 1.0 95.0
3189 3000 5 10 0.1 95.4
3189 3000 5 10 0.01 92.6
3189 3000 5 10 0.001 74.6
3189 3000 5 10 0.0 55.0
3189 3000 5 10 1.0 94.2
3189 3000 10 1 0.1 95.4
3189 3000 10 1 0.01 95.2
3189 3000 10 1 0.001 96.0
3189 3000 10 1 0.0 96.0
3189 3000 10 1 1.0 94.8
3189 3000 10 2 0.1 95.4
3189 3000 10 2 0.01 94.6
3189 3000 10 2 0.001 95.2
3189 3000 10 2 0.0 93.2
3189 3000 10 2 1.0 94.4
3189 3000 10 3 0.1 95.4
3189 3000 10 3 0.01 94.6
3189 3000 10 3 0.001 90.2
3189 3000 10 3 0.0 91.6
3189 3000 10 3 1.0 94.4
3189 3000 10 4 0.1 95.4
3189 3000 10 4 0.01 94.6
3189 3000 10 4 0.001 87.2
3189 3000 10 4 0.0 79.0
3189 3000 10 4 1.0 91.6
3189 3000 10 5 0.1 95.4
3189 3000 10 5 0.01 93.0
3189 3000 10 5 0.001 88.4
3189 3000 10 5 0.0 70.0
3189 3000 10 5 1.0 87.8
3189 3000 10 6 0.1 92.0
3189 3000 10 6 0.01 90.0
3189 3000 10 6 0.001 83.4
3189 3000 10 6 0.0 71.2
3189 3000 10 6 1.0 95.4
3189 3000 10 7 0.1 95.4
3189 3000 10 7 0.01 91.4
3189 3000 10 7 0.001 83.6
3189 3000 10 7 0.0 63.8
3189 3000 10 7 1.0 92.6
3189 3000 10 8 0.1 94.8
3189 3000 10 8 0.01 86.8
3189 3000 10 8 0.001 88.6
3189 3000 10 8 0.0 59.8
3189 3000 10 8 1.0 90.6
3189 3000 10 9 0.1 95.0
3189 3000 10 9 0.01 86.4
3189 3000 10 9 0.001 75.2
3189 3000 10 9 0.0 56.2
3189 3000 10 9 1.0 93.6
3189 3000 10 10 0.1 91.0
3189 3000 10 10 0.01 86.2
3189 3000 10 10 0.001 75.8
3189 3000 10 10 0.0 54.8
3189 3000 10 10 1.0 91.6
3189 3000 20 1 0.1 96.0
3189 3000 20 1 0.01 94.4
3189 3000 20 1 0.001 95.4
3189 3000 20 1 0.0 95.0
3189 3000 20 1 1.0 94.2
3189 3000 20 2 0.1 93.0
3189 3000 20 2 0.01 95.4
3189 3000 20 2 0.001 94.2
3189 3000 20 2 0.0 93.6
3189 3000 20 2 1.0 93.2
3189 3000 20 3 0.1 96.0
3189 3000 20 3 0.01 93.8
3189 3000 20 3 0.001 92.4
3189 3000 20 3 0.0 87.0
3189 3000 20 3 1.0 93.6
3189 3000 20 4 0.1 95.0
3189 3000 20 4 0.01 93.2
3189 3000 20 4 0.001 92.4
3189 3000 20 4 0.0 85.4
3189 3000 20 4 1.0 93.8
3189 3000 20 5 0.1 95.2
3189 3000 20 5 0.01 94.6
3189 3000 20 5 0.001 91.0
3189 3000 20 5 0.0 77.0
3189 3000 20 5 1.0 94.4
3189 3000 20 6 0.1 91.8
3189 3000 20 6 0.01 90.0
3189 3000 20 6 0.001 82.2
3189 3000 20 6 0.0 67.8
3189 3000 20 6 1.0 91.8
3189 3000 20 7 0.1 93.6
3189 3000 20 7 0.01 91.0
3189 3000 20 7 0.001 88.8
3189 3000 20 7 0.0 60.6
3189 3000 20 7 1.0 93.8
3189 3000 20 8 0.1 92.6
3189 3000 20 8 0.01 91.6
3189 3000 20 8 0.001 77.2
3189 3000 20 8 0.0 55.2
3189 3000 20 8 1.0 89.4
3189 3000 20 9 0.1 93.8
3189 3000 20 9 0.01 89.8
3189 3000 20 9 0.001 74.0
3189 3000 20 9 0.0 54.4
3189 3000 20 9 1.0 94.4
3189 3000 20 10 0.1 89.4
3189 3000 20 10 0.01 88.6
3189 3000 20 10 0.001 74.6
3189 3000 20 10 0.0 58.0
3189 3000 20 10 1.0 89.4
3189 3000 30 1 0.1 94.8
3189 3000 30 1 0.01 96.0
3189 3000 30 1 0.001 95.4
3189 3000 30 1 0.0 95.8
3189 3000 30 1 1.0 94.2
3189 3000 30 2 0.1 96.0
3189 3000 30 2 0.01 93.8
3189 3000 30 2 0.001 94.8
3189 3000 30 2 0.0 93.2
3189 3000 30 2 1.0 94.4
3189 3000 30 3 0.1 92.6
3189 3000 30 3 0.01 95.4
3189 3000 30 3 0.001 94.2
3189 3000 30 3 0.0 87.8
3189 3000 30 3 1.0 95.2
3189 3000 30 4 0.1 95.4
3189 3000 30 4 0.01 94.2
3189 3000 30 4 0.001 91.4
3189 3000 30 4 0.0 81.8
3189 3000 30 4 1.0 90.8
3189 3000 30 5 0.1 94.4
3189 3000 30 5 0.01 92.4
3189 3000 30 5 0.001 88.0
3189 3000 30 5 0.0 79.2
3189 3000 30 5 1.0 95.2
3189 3000 30 6 0.1 90.8
3189 3000 30 6 0.01 92.2
3189 3000 30 6 0.001 82.8
3189 3000 30 6 0.0 74.4
3189 3000 30 6 1.0 94.4
3189 3000 30 7 0.1 92.6
3189 3000 30 7 0.01 95.6
3189 3000 30 7 0.001 83.2
3189 3000 30 7 0.0 64.0
3189 3000 30 7 1.0 87.0
3189 3000 30 8 0.1 94.2
3189 3000 30 8 0.01 93.6
3189 3000 30 8 0.001 82.0
3189 3000 30 8 0.0 66.2
3189 3000 30 8 1.0 92.6
3189 3000 30 9 0.1 88.0
3189 3000 30 9 0.01 92.4
3189 3000 30 9 0.001 76.2
3189 3000 30 9 0.0 57.0
3189 3000 30 9 1.0 91.0
3189 3000 30 10 0.1 94.0
3189 3000 30 10 0.01 88.0
3189 3000 30 10 0.001 75.8
3189 3000 30 10 0.0 57.6
3189 3000 30 10 1.0 91.4
3189 3000 50 1 0.1 96.0
3189 3000 50 1 0.01 95.2
3189 3000 50 1 0.001 95.2
3189 3000 50 1 0.0 95.2
3189 3000 50 1 1.0 91.4
3189 3000 50 2 0.1 96.0
3189 3000 50 2 0.01 95.2
3189 3000 50 2 0.001 96.0
3189 3000 50 2 0.0 93.6
3189 3000 50 2 1.0 94.8
3189 3000 50 3 0.1 95.4
3189 3000 50 3 0.01 93.2
3189 3000 50 3 0.001 94.8
3189 3000 50 3 0.0 89.2
3189 3000 50 3 1.0 92.4
3189 3000 50 4 0.1 93.2
3189 3000 50 4 0.01 93.4
3189 3000 50 4 0.001 90.2
3189 3000 50 4 0.0 85.2
3189 3000 50 4 1.0 95.4
3189 3000 50 5 0.1 96.0
3189 3000 50 5 0.01 90.8
3189 3000 50 5 0.001 86.0
3189 3000 50 5 0.0 80.2
3189 3000 50 5 1.0 90.6
3189 3000 50 6 0.1 94.6
3189 3000 50 6 0.01 93.2
3189 3000 50 6 0.001 82.8
3189 3000 50 6 0.0 70.2
3189 3000 50 6 1.0 94.6
3189 3000 50 7 0.1 91.8
3189 3000 50 7 0.01 92.2
3189 3000 50 7 0.001 80.6
3189 3000 50 7 0.0 64.6
3189 3000 50 7 1.0 88.6
3189 3000 50 8 0.1 89.0
3189 3000 50 8 0.01 88.4
3189 3000 50 8 0.001 76.8
3189 3000 50 8 0.0 49.8
3189 3000 50 8 1.0 89.6
3189 3000 50 9 0.1 85.2
3189 3000 50 9 0.01 91.2
3189 3000 50 9 0.001 67.8
3189 3000 50 9 0.0 50.8
3189 3000 50 9 1.0 88.4
3189 3000 50 10 0.1 87.6
3189 3000 50 10 0.01 90.0
3189 3000 50 10 0.001 67.2
3189 3000 50 10 0.0 53.0
3189 3000 50 10 1.0 75.8
13594 3000 5 1 0.1 81.0
13594 3000 5 1 0.01 78.2
13594 3000 5 1 0.001 79.6
13594 3000 5 1 0.0 81.0
13594 3000 5 1 1.0 76.2
13594 3000 5 2 0.1 80.6
13594 3000 5 2 0.01 81.0
13594 3000 5 2 0.001 80.8
13594 3000 5 2 0.0 79.0
13594 3000 5 2 1.0 79.6
13594 3000 5 3 0.1 81.0
13594 3000 5 3 0.01 81.0
13594 3000 5 3 0.001 79.8
13594 3000 5 3 0.0 76.6
13594 3000 5 3 1.0 77.4
13594 3000 5 4 0.1 81.0
13594 3000 5 4 0.01 77.6
13594 3000 5 4 0.001 78.0
13594 3000 5 4 0.0 66.6
13594 3000 5 4 1.0 81.0
13594 3000 5 5 0.1 81.0
13594 3000 5 5 0.01 81.0
13594 3000 5 5 0.001 72.6
13594 3000 5 5 0.0 63.2
13594 3000 5 5 1.0 75.4
13594 3000 5 6 0.1 81.0
13594 3000 5 6 0.01 78.6
13594 3000 5 6 0.001 72.8
13594 3000 5 6 0.0 60.8
13594 3000 5 6 1.0 79.4
13594 3000 5 7 0.1 79.2
13594 3000 5 7 0.01 78.4
13594 3000 5 7 0.001 64.4
13594 3000 5 7 0.0 61.8
13594 3000 5 7 1.0 77.8
13594 3000 5 8 0.1 79.6
13594 3000 5 8 0.01 77.0
13594 3000 5 8 0.001 67.4
13594 3000 5 8 0.0 59.4
13594 3000 5 8 1.0 76.8
13594 3000 5 9 0.1 76.6
13594 3000 5 9 0.01 74.6
13594 3000 5 9 0.001 57.4
13594 3000 5 9 0.0 57.2
13594 3000 5 9 1.0 81.0
13594 3000 5 10 0.1 81.0
13594 3000 5 10 0.01 77.2
13594 3000 5 10 0.001 59.6
13594 3000 5 10 0.0 57.8
13594 3000 5 10 1.0 78.0
13594 3000 10 1 0.1 81.0
13594 3000 10 1 0.01 81.0
13594 3000 10 1 0.001 81.0
13594 3000 10 1 0.0 81.0
13594 3000 10 1 1.0 80.6
13594 3000 10 2 0.1 81.0
13594 3000 10 2 0.01 81.0
13594 3000 10 2 0.001 79.4
13594 3000 10 2 0.0 78.6
13594 3000 10 2 1.0 79.6
13594 3000 10 3 0.1 81.0
13594 3000 10 3 0.01 79.6
13594 3000 10 3 0.001 79.0
13594 3000 10 3 0.0 71.0
13594 3000 10 3 1.0 76.8
13594 3000 10 4 0.1 78.0
13594 3000 10 4 0.01 80.8
13594 3000 10 4 0.001 80.0
13594 3000 10 4 0.0 69.6
13594 3000 10 4 1.0 79.4
13594 3000 10 5 0.1 81.0
13594 3000 10 5 0.01 81.0
13594 3000 10 5 0.001 71.0
13594 3000 10 5 0.0 64.2
13594 3000 10 5 1.0 79.4
13594 3000 10 6 0.1 81.0
13594 3000 10 6 0.01 77.6
13594 3000 10 6 0.001 72.8
13594 3000 10 6 0.0 60.4
13594 3000 10 6 1.0 78.2
13594 3000 10 7 0.1 79.4
13594 3000 10 7 0.01 78.2
13594 3000 10 7 0.001 60.6
13594 3000 10 7 0.0 62.4
13594 3000 10 7 1.0 77.8
13594 3000 10 8 0.1 81.0
13594 3000 10 8 0.01 73.8
13594 3000 10 8 0.001 64.8
13594 3000 10 8 0.0 57.8
13594 3000 10 8 1.0 76.4
13594 3000 10 9 0.1 80.8
13594 3000 10 9 0.01 78.2
13594 3000 10 9 0.001 63.8
13594 3000 10 9 0.0 56.2
13594 3000 10 9 1.0 76.8
13594 3000 10 10 0.1 79.2
13594 3000 10 10 0.01 74.6
13594 3000 10 10 0.001 65.0
13594 3000 10 10 0.0 56.0
13594 3000 10 10 1.0 78.2
13594 3000 20 1 0.1 81.0
13594 3000 20 1 0.01 78.2
13594 3000 20 1 0.001 78.2
13594 3000 20 1 0.0 80.8
13594 3000 20 1 1.0 76.8
13594 3000 20 2 0.1 79.4
13594 3000 20 2 0.01 79.4
13594 3000 20 2 0.001 81.0
13594 3000 20 2 0.0 77.8
13594 3000 20 2 1.0 81.0
13594 3000 20 3 0.1 81.0
13594 3000 20 3 0.01 79.6
13594 3000 20 3 0.001 79.2
13594 3000 20 3 0.0 73.4
13594 3000 20 3 1.0 79.6
13594 3000 20 4 0.1 81.0
13594 3000 20 4 0.01 81.0
13594 3000 20 4 0.001 72.6
13594 3000 20 4 0.0 68.2
13594 3000 20 4 1.0 75.4
13594 3000 20 5 0.1 79.4
13594 3000 20 5 0.01 79.8
13594 3000 20 5 0.001 73.4
13594 3000 20 5 0.0 64.4
13594 3000 20 5 1.0 76.4
13594 3000 20 6 0.1 79.8
13594 3000 20 6 0.01 80.4
13594 3000 20 6 0.001 68.8
13594 3000 20 6 0.0 60.6
13594 3000 20 6 1.0 77.8
13594 3000 20 7 0.1 81.0
13594 3000 20 7 0.01 77.2
13594 3000 20 7 0.001 64.2
13594 3000 20 7 0.0 57.0
13594 3000 20 7 1.0 77.2
13594 3000 20 8 0.1 81.0
13594 3000 20 8 0.01 76.0
13594 3000 20 8 0.001 62.8
13594 3000 20 8 0.0 59.4
13594 3000 20 8 1.0 71.2
13594 3000 20 9 0.1 76.8
13594 3000 20 9 0.01 75.8
13594 3000 20 9 0.001 65.2
13594 3000 20 9 0.0 58.6
13594 3000 20 9 1.0 81.0
13594 3000 20 10 0.1 77.6
13594 3000 20 10 0.01 74.4
13594 3000 20 10 0.001 57.0
13594 3000 20 10 0.0 60.2
13594 3000 20 10 1.0 77.8
13594 3000 30 1 0.1 81.0
13594 3000 30 1 0.01 81.0
13594 3000 30 1 0.001 81.0
13594 3000 30 1 0.0 81.0
13594 3000 30 1 1.0 81.0
13594 3000 30 2 0.1 81.0
13594 3000 30 2 0.01 78.2
13594 3000 30 2 0.001 80.8
13594 3000 30 2 0.0 79.4
13594 3000 30 2 1.0 78.2
13594 3000 30 3 0.1 79.2
13594 3000 30 3 0.01 81.0
13594 3000 30 3 0.001 78.6
13594 3000 30 3 0.0 71.6
13594 3000 30 3 1.0 80.6
13594 3000 30 4 0.1 81.0
13594 3000 30 4 0.01 79.6
13594 3000 30 4 0.001 72.4
13594 3000 30 4 0.0 64.2
13594 3000 30 4 1.0 79.6
13594 3000 30 5 0.1 77.8
13594 3000 30 5 0.01 81.0
13594 3000 30 5 0.001 77.6
13594 3000 30 5 0.0 65.4
13594 3000 30 5 1.0 75.2
13594 3000 30 6 0.1 78.2
13594 3000 30 6 0.01 79.6
13594 3000 30 6 0.001 71.6
13594 3000 30 6 0.0 67.0
13594 3000 30 6 1.0 80.4
13594 3000 30 7 0.1 79.0
13594 3000 30 7 0.01 79.8
13594 3000 30 7 0.001 65.6
13594 3000 30 7 0.0 60.8
13594 3000 30 7 1.0 77.0
13594 3000 30 8 0.1 77.6
13594 3000 30 8 0.01 78.6
13594 3000 30 8 0.001 60.4
13594 3000 30 8 0.0 58.0
13594 3000 30 8 1.0 79.2
13594 3000 30 9 0.1 79.6
13594 3000 30 9 0.01 79.2
13594 3000 30 9 0.001 62.6
13594 3000 30 9 0.0 58.4
13594 3000 30 9 1.0 75.8
13594 3000 30 10 0.1 80.0
13594 3000 30 10 0.01 75.0
13594 3000 30 10 0.001 62.0
13594 3000 30 10 0.0 58.8
13594 3000 30 10 1.0 76.0
13594 3000 50 1 0.1 81.0
13594 3000 50 1 0.01 81.0
13594 3000 50 1 0.001 81.0
13594 3000 50 1 0.0 81.0
13594 3000 50 1 1.0 78.8
13594 3000 50 2 0.1 81.0
13594 3000 50 2 0.01 80.6
13594 3000 50 2 0.001 81.0
13594 3000 50 2 0.0 79.0
13594 3000 50 2 1.0 75.0
13594 3000 50 3 0.1 81.0
13594 3000 50 3 0.01 81.0
13594 3000 50 3 0.001 78.8
13594 3000 50 3 0.0 73.0
13594 3000 50 3 1.0 80.6
13594 3000 50 4 0.1 81.0
13594 3000 50 4 0.01 80.4
13594 3000 50 4 0.001 78.0
13594 3000 50 4 0.0 64.0
13594 3000 50 4 1.0 78.0
13594 3000 50 5 0.1 77.4
13594 3000 50 5 0.01 75.6
13594 3000 50 5 0.001 71.4
13594 3000 50 5 0.0 62.4
13594 3000 50 5 1.0 78.2
13594 3000 50 6 0.1 79.0
13594 3000 50 6 0.01 76.6
13594 3000 50 6 0.001 60.6
13594 3000 50 6 0.0 62.2
13594 3000 50 6 1.0 81.0
13594 3000 50 7 0.1 81.0
13594 3000 50 7 0.01 72.8
13594 3000 50 7 0.001 63.4
13594 3000 50 7 0.0 61.4
13594 3000 50 7 1.0 72.4
13594 3000 50 8 0.1 76.4
13594 3000 50 8 0.01 74.0
13594 3000 50 8 0.001 67.8
13594 3000 50 8 0.0 60.2
13594 3000 50 8 1.0 70.6
13594 3000 50 9 0.1 72.8
13594 3000 50 9 0.01 66.2
13594 3000 50 9 0.001 60.4
13594 3000 50 9 0.0 58.4
13594 3000 50 9 1.0 79.6
13594 3000 50 10 0.1 76.6
13594 3000 50 10 0.01 72.0
13594 3000 50 10 0.001 56.0
13594 3000 50 10 0.0 54.0
13594 3000 50 10 1.0 69.0
4 3000 5 1 0.1 60.0
4 3000 5 1 0.01 56.6
4 3000 5 1 0.001 59.2
4 3000 5 1 0.0 59.2
4 3000 5 1 1.0 59.4
4 3000 5 2 0.1 60.0
4 3000 5 2 0.01 54.6
4 3000 5 2 0.001 59.8
4 3000 5 2 0.0 56.0
4 3000 5 2 1.0 57.4
4 3000 5 3 0.1 60.0
4 3000 5 3 0.01 57.0
4 3000 5 3 0.001 57.8
4 3000 5 3 0.0 41.6
4 3000 5 3 1.0 59.0
4 3000 5 4 0.1 58.6
4 3000 5 4 0.01 56.8
4 3000 5 4 0.001 52.2
4 3000 5 4 0.0 37.0
4 3000 5 4 1.0 58.4
4 3000 5 5 0.1 59.2
4 3000 5 5 0.01 57.8
4 3000 5 5 0.001 51.2
4 3000 5 5 0.0 35.2
4 3000 5 5 1.0 58.8
4 3000 5 6 0.1 57.8
4 3000 5 6 0.01 57.4
4 3000 5 6 0.001 43.8
4 3000 5 6 0.0 36.6
4 3000 5 6 1.0 58.0
4 3000 5 7 0.1 58.4
4 3000 5 7 0.01 54.4
4 3000 5 7 0.001 47.8
4 3000 5 7 0.0 33.8
4 3000 5 7 1.0 56.8
4 3000 5 8 0.1 59.2
4 3000 5 8 0.01 54.4
4 3000 5 8 0.001 31.2
4 3000 5 8 0.0 30.4
4 3000 5 8 1.0 57.6
4 3000 5 9 0.1 58.0
4 3000 5 9 0.01 49.4
4 3000 5 9 0.001 40.4
4 3000 5 9 0.0 28.0
4 3000 5 9 1.0 56.0
4 3000 5 10 0.1 59.2
4 3000 5 10 0.01 53.8
4 3000 5 10 0.001 36.4
4 3000 5 10 0.0 33.2
4 3000 5 10 1.0 58.4
4 3000 10 1 0.1 60.0
4 3000 10 1 0.01 60.0
4 3000 10 1 0.001 60.0
4 3000 10 1 0.0 58.4
4 3000 10 1 1.0 59.4
4 3000 10 2 0.1 58.4
4 3000 10 2 0.01 58.6
4 3000 10 2 0.001 57.0
4 3000 10 2 0.0 54.2
4 3000 10 2 1.0 59.6
4 3000 10 3 0.1 59.4
4 3000 10 3 0.01 57.2
4 3000 10 3 0.001 57.0
4 3000 10 3 0.0 49.2
4 3000 10 3 1.0 58.2
4 3000 10 4 0.1 59.4
4 3000 10 4 0.01 57.4
4 3000 10 4 0.001 49.8
4 3000 10 4 0.0 43.0
4 3000 10 4 1.0 59.8
4 3000 10 5 0.1 58.4
4 3000 10 5 0.01 55.2
4 3000 10 5 0.001 46.4
4 3000 10 5 0.0 39.0
4 3000 10 5 1.0 56.4
4 3000 10 6 0.1 60.0
4 3000 10 6 0.01 57.2
4 3000 10 6 0.001 40.0
4 3000 10 6 0.0 29.0
4 3000 10 6 1.0 57.4
4 3000 10 7 0.1 58.0
4 3000 10 7 0.01 52.6
4 3000 10 7 0.001 42.6
4 3000 10 7 0.0 26.2
4 3000 10 7 1.0 55.8
4 3000 10 8 0.1 57.8
4 3000 10 8 0.01 53.6
4 3000 10 8 0.001 39.0
4 3000 10 8 0.0 28.2
4 3000 10 8 1.0 58.2
4 3000 10 9 0.1 57.2
4 3000 10 9 0.01 52.0
4 3000 10 9 0.001 41.2
4 3000 10 9 0.0 28.8
4 3000 10 9 1.0 55.4
4 3000 10 10 0.1 60.0
4 3000 10 10 0.01 55.4
4 3000 10 10 0.001 36.2
4 3000 10 10 0.0 30.0
4 3000 10 10 1.0 57.6
4 3000 20 1 0.1 57.4
4 3000 20 1 0.01 58.6
4 3000 20 1 0.001 60.0
4 3000 20 1 0.0 59.8
4 3000 20 1 1.0 58.0
4 3000 20 2 0.1 59.0
4 3000 20 2 0.01 60.0
4 3000 20 2 0.001 58.2
4 3000 20 2 0.0 55.4
4 3000 20 2 1.0 59.2
4 3000 20 3 0.1 59.2
4 3000 20 3 0.01 58.6
4 3000 20 3 0.001 57.6
4 3000 20 3 0.0 40.8
4 3000 20 3 1.0 57.6
4 3000 20 4 0.1 58.8
4 3000 20 4 0.01 57.4
4 3000 20 4 0.001 51.2
4 3000 20 4 0.0 43.0
4 3000 20 4 1.0 55.6
4 3000 20 5 0.1 57.4
4 3000 20 5 0.01 55.8
4 3000 20 5 0.001 55.6
4 3000 20 5 0.0 37.6
4 3000 20 5 1.0 56.8
4 3000 20 6 0.1 55.4
4 3000 20 6 0.01 55.6
4 3000 20 6 0.001 45.6
4 3000 20 6 0.0 36.8
4 3000 20 6 1.0 55.4
4 3000 20 7 0.1 58.0
4 3000 20 7 0.01 56.4
4 3000 20 7 0.001 44.6
4 3000 20 7 0.0 27.6
4 3000 20 7 1.0 55.8
4 3000 20 8 0.1 58.6
4 3000 20 8 0.01 54.2
4 3000 20 8 0.001 34.4
4 3000 20 8 0.0 27.8
4 3000 20 8 1.0 57.8
4 3000 20 9 0.1 55.4
4 3000 20 9 0.01 56.6
4 3000 20 9 0.001 45.2
4 3000 20 9 0.0 32.8
4 3000 20 9 1.0 57.2
4 3000 20 10 0.1 58.0
4 3000 20 10 0.01 46.8
4 3000 20 10 0.001 39.4
4 3000 20 10 0.0 30.6
4 3000 20 10 1.0 55.6
4 3000 30 1 0.1 60.0
4 3000 30 1 0.01 58.4
4 3000 30 1 0.001 59.2
4 3000 30 1 0.0 59.4
4 3000 30 1 1.0 57.4
4 3000 30 2 0.1 58.2
4 3000 30 2 0.01 60.0
4 3000 30 2 0.001 59.0
4 3000 30 2 0.0 51.0
4 3000 30 2 1.0 58.8
4 3000 30 3 0.1 60.0
4 3000 30 3 0.01 58.0
4 3000 30 3 0.001 51.0
4 3000 30 3 0.0 48.2
4 3000 30 3 1.0 57.4
4 3000 30 4 0.1 60.0
4 3000 30 4 0.01 57.6
4 3000 30 4 0.001 49.2
4 3000 30 4 0.0 43.6
4 3000 30 4 1.0 55.8
4 3000 30 5 0.1 53.2
4 3000 30 5 0.01 56.6
4 3000 30 5 0.001 48.8
4 3000 30 5 0.0 29.6
4 3000 30 5 1.0 56.8
4 3000 30 6 0.1 58.6
4 3000 30 6 0.01 54.8
4 3000 30 6 0.001 46.2
4 3000 30 6 0.0 33.0
4 3000 30 6 1.0 57.6
4 3000 30 7 0.1 57.4
4 3000 30 7 0.01 53.6
4 3000 30 7 0.001 44.2
4 3000 30 7 0.0 34.4
4 3000 30 7 1.0 57.8
4 3000 30 8 0.1 58.4
4 3000 30 8 0.01 50.8
4 3000 30 8 0.001 44.4
4 3000 30 8 0.0 30.4
4 3000 30 8 1.0 54.2
4 3000 30 9 0.1 56.4
4 3000 30 9 0.01 52.6
4 3000 30 9 0.001 31.8
4 3000 30 9 0.0 29.0
4 3000 30 9 1.0 50.6
4 3000 30 10 0.1 56.4
4 3000 30 10 0.01 51.2
4 3000 30 10 0.001 39.4
4 3000 30 10 0.0 24.0
4 3000 30 10 1.0 52.2
4 3000 50 1 0.1 60.0
4 3000 50 1 0.01 60.0
4 3000 50 1 0.001 59.8
4 3000 50 1 0.0 59.8
4 3000 50 1 1.0 57.6
4 3000 50 2 0.1 58.2
4 3000 50 2 0.01 59.4
4 3000 50 2 0.001 57.2
4 3000 50 2 0.0 56.8
4 3000 50 2 1.0 58.0
4 3000 50 3 0.1 57.8
4 3000 50 3 0.01 57.4
4 3000 50 3 0.001 54.4
4 3000 50 3 0.0 42.6
4 3000 50 3 1.0 49.0
4 3000 50 4 0.1 56.6
4 3000 50 4 0.01 58.6
4 3000 50 4 0.001 52.4
4 3000 50 4 0.0 41.2
4 3000 50 4 1.0 56.0
4 3000 50 5 0.1 54.6
4 3000 50 5 0.01 55.8
4 3000 50 5 0.001 43.6
4 3000 50 5 0.0 40.0
4 3000 50 5 1.0 54.8
4 3000 50 6 0.1 56.2
4 3000 50 6 0.01 50.8
4 3000 50 6 0.001 43.2
4 3000 50 6 0.0 37.0
4 3000 50 6 1.0 53.4
4 3000 50 7 0.1 57.6
4 3000 50 7 0.01 55.0
4 3000 50 7 0.001 42.0
4 3000 50 7 0.0 30.0
4 3000 50 7 1.0 48.2
4 3000 50 8 0.1 56.6
4 3000 50 8 0.01 54.0
4 3000 50 8 0.001 36.8
4 3000 50 8 0.0 32.2
4 3000 50 8 1.0 50.4
4 3000 50 9 0.1 52.0
4 3000 50 9 0.01 49.6
4 3000 50 9 0.001 39.8
4 3000 50 9 0.0 32.0
4 3000 50 9 1.0 49.0
4 3000 50 10 0.1 54.6
4 3000 50 10 0.01 53.4
4 3000 50 10 0.001 39.4
4 3000 50 10 0.0 27.2
4 3000 50 10 1.0 50.4
