1234	15000	10	5	0,1	71,8
1234	15000	10	5	0,01	71,6
1234	15000	10	5	0,001	67,6
1234	15000	10	5	1,0E-4	58,2
1234	15000	10	5	1,0E-5	45,6
1234	15000	10	10	0,1	70,8
1234	15000	10	10	0,01	69,6
1234	15000	10	10	0,001	60,0
1234	15000	10	10	1,0E-4	46,6
1234	15000	10	10	1,0E-5	30,4
1234	15000	10	15	0,1	70,6
1234	15000	10	15	0,01	64,2
1234	15000	10	15	0,001	55,0
1234	15000	10	15	1,0E-4	38,4
1234	15000	10	15	1,0E-5	28,8
1234	15000	10	20	0,1	71,6
1234	15000	10	20	0,01	65,4
1234	15000	10	20	0,001	48,8
1234	15000	10	20	1,0E-4	29,2
1234	15000	10	20	1,0E-5	29,4
1234	15000	10	25	0,1	72,0
1234	15000	10	25	0,01	65,8
1234	15000	10	25	0,001	55,2
1234	15000	10	25	1,0E-4	29,6
1234	15000	10	25	1,0E-5	30,8
1234	15000	10	30	0,1	70,4
1234	15000	10	30	0,01	65,6
1234	15000	10	30	0,001	50,2
1234	15000	10	30	1,0E-4	27,4
1234	15000	10	30	1,0E-5	29,0
1234	15000	10	40	0,1	70,0
1234	15000	10	40	0,01	63,2
1234	15000	10	40	0,001	50,2
1234	15000	10	40	1,0E-4	28,6
1234	15000	10	40	1,0E-5	30,0
1234	15000	10	50	0,1	69,6
1234	15000	10	50	0,01	64,4
1234	15000	10	50	0,001	58,2
1234	15000	10	50	1,0E-4	31,0
1234	15000	10	50	1,0E-5	28,4
1234	15000	10	60	0,1	67,6
1234	15000	10	60	0,01	62,6
1234	15000	10	60	0,001	46,8
1234	15000	10	60	1,0E-4	27,8
1234	15000	10	60	1,0E-5	32,0
1234	15000	10	70	0,1	71,0
1234	15000	10	70	0,01	60,8
1234	15000	10	70	0,001	52,6
1234	15000	10	70	1,0E-4	27,0
1234	15000	10	70	1,0E-5	29,6
1234	15000	20	5	0,1	69,8
1234	15000	20	5	0,01	72,0
1234	15000	20	5	0,001	65,4
1234	15000	20	5	1,0E-4	59,8
1234	15000	20	5	1,0E-5	47,6
1234	15000	20	10	0,1	70,8
1234	15000	20	10	0,01	68,2
1234	15000	20	10	0,001	57,0
1234	15000	20	10	1,0E-4	47,8
1234	15000	20	10	1,0E-5	32,2
1234	15000	20	15	0,1	70,4
1234	15000	20	15	0,01	66,8
1234	15000	20	15	0,001	53,6
1234	15000	20	15	1,0E-4	37,6
1234	15000	20	15	1,0E-5	30,0
1234	15000	20	20	0,1	68,0
1234	15000	20	20	0,01	64,6
1234	15000	20	20	0,001	52,2
1234	15000	20	20	1,0E-4	29,8
1234	15000	20	20	1,0E-5	28,4
1234	15000	20	25	0,1	68,6
1234	15000	20	25	0,01	67,0
1234	15000	20	25	0,001	48,6
1234	15000	20	25	1,0E-4	31,6
1234	15000	20	25	1,0E-5	33,2
1234	15000	20	30	0,1	69,8
1234	15000	20	30	0,01	64,2
1234	15000	20	30	0,001	48,2
1234	15000	20	30	1,0E-4	37,0
1234	15000	20	30	1,0E-5	29,4
1234	15000	20	40	0,1	69,8
1234	15000	20	40	0,01	64,2
1234	15000	20	40	0,001	48,8
1234	15000	20	40	1,0E-4	29,8
1234	15000	20	40	1,0E-5	29,6
1234	15000	20	50	0,1	68,2
1234	15000	20	50	0,01	58,4
1234	15000	20	50	0,001	56,8
1234	15000	20	50	1,0E-4	27,6
1234	15000	20	50	1,0E-5	28,6
1234	15000	20	60	0,1	69,8
1234	15000	20	60	0,01	59,2
1234	15000	20	60	0,001	48,4
1234	15000	20	60	1,0E-4	29,8
1234	15000	20	60	1,0E-5	32,4
1234	15000	20	70	0,1	69,6
1234	15000	20	70	0,01	64,2
1234	15000	20	70	0,001	56,8
1234	15000	20	70	1,0E-4	28,8
1234	15000	20	70	1,0E-5	27,8
1234	15000	30	5	0,1	71,4
1234	15000	30	5	0,01	71,4
1234	15000	30	5	0,001	67,4
1234	15000	30	5	1,0E-4	56,2
1234	15000	30	5	1,0E-5	47,4
1234	15000	30	10	0,1	70,0
1234	15000	30	10	0,01	70,4
1234	15000	30	10	0,001	55,4
1234	15000	30	10	1,0E-4	48,4
1234	15000	30	10	1,0E-5	31,2
1234	15000	30	15	0,1	69,6
1234	15000	30	15	0,01	65,0
1234	15000	30	15	0,001	53,8
1234	15000	30	15	1,0E-4	32,6
1234	15000	30	15	1,0E-5	31,4
1234	15000	30	20	0,1	71,4
1234	15000	30	20	0,01	63,8
1234	15000	30	20	0,001	49,8
1234	15000	30	20	1,0E-4	31,6
1234	15000	30	20	1,0E-5	28,4
1234	15000	30	25	0,1	69,8
1234	15000	30	25	0,01	61,8
1234	15000	30	25	0,001	53,0
1234	15000	30	25	1,0E-4	28,8
1234	15000	30	25	1,0E-5	33,4
1234	15000	30	30	0,1	65,4
1234	15000	30	30	0,01	65,2
1234	15000	30	30	0,001	52,0
1234	15000	30	30	1,0E-4	29,2
1234	15000	30	30	1,0E-5	29,8
1234	15000	30	40	0,1	64,4
1234	15000	30	40	0,01	66,8
1234	15000	30	40	0,001	55,4
1234	15000	30	40	1,0E-4	26,4
1234	15000	30	40	1,0E-5	33,8
1234	15000	30	50	0,1	68,0
1234	15000	30	50	0,01	62,2
1234	15000	30	50	0,001	48,6
1234	15000	30	50	1,0E-4	30,2
1234	15000	30	50	1,0E-5	29,6
1234	15000	30	60	0,1	68,8
1234	15000	30	60	0,01	58,8
1234	15000	30	60	0,001	48,4
1234	15000	30	60	1,0E-4	31,2
1234	15000	30	60	1,0E-5	27,0
1234	15000	30	70	0,1	66,4
1234	15000	30	70	0,01	68,2
1234	15000	30	70	0,001	47,2
1234	15000	30	70	1,0E-4	28,4
1234	15000	30	70	1,0E-5	28,4
1234	15000	40	5	0,1	71,4
1234	15000	40	5	0,01	70,0
1234	15000	40	5	0,001	66,6
1234	15000	40	5	1,0E-4	57,6
1234	15000	40	5	1,0E-5	40,2
1234	15000	40	10	0,1	71,2
1234	15000	40	10	0,01	68,0
1234	15000	40	10	0,001	65,2
1234	15000	40	10	1,0E-4	43,0
1234	15000	40	10	1,0E-5	32,8
1234	15000	40	15	0,1	70,0
1234	15000	40	15	0,01	65,4
1234	15000	40	15	0,001	55,6
1234	15000	40	15	1,0E-4	38,2
1234	15000	40	15	1,0E-5	27,8
1234	15000	40	20	0,1	67,8
1234	15000	40	20	0,01	68,4
1234	15000	40	20	0,001	59,6
1234	15000	40	20	1,0E-4	30,6
1234	15000	40	20	1,0E-5	30,6
1234	15000	40	25	0,1	69,8
1234	15000	40	25	0,01	65,8
1234	15000	40	25	0,001	56,8
1234	15000	40	25	1,0E-4	30,2
1234	15000	40	25	1,0E-5	35,4
1234	15000	40	30	0,1	64,2
1234	15000	40	30	0,01	66,2
1234	15000	40	30	0,001	54,4
1234	15000	40	30	1,0E-4	28,8
1234	15000	40	30	1,0E-5	29,6
1234	15000	40	40	0,1	69,8
1234	15000	40	40	0,01	62,2
1234	15000	40	40	0,001	58,6
1234	15000	40	40	1,0E-4	29,2
1234	15000	40	40	1,0E-5	30,2
1234	15000	40	50	0,1	70,2
1234	15000	40	50	0,01	59,2
1234	15000	40	50	0,001	56,2
1234	15000	40	50	1,0E-4	30,2
1234	15000	40	50	1,0E-5	32,4
1234	15000	40	60	0,1	65,8
1234	15000	40	60	0,01	66,2
1234	15000	40	60	0,001	45,6
1234	15000	40	60	1,0E-4	27,6
1234	15000	40	60	1,0E-5	29,8
1234	15000	40	70	0,1	69,6
1234	15000	40	70	0,01	60,6
1234	15000	40	70	0,001	46,8
1234	15000	40	70	1,0E-4	28,8
1234	15000	40	70	1,0E-5	30,0
1234	15000	50	5	0,1	71,2
1234	15000	50	5	0,01	70,4
1234	15000	50	5	0,001	67,2
1234	15000	50	5	1,0E-4	53,0
1234	15000	50	5	1,0E-5	45,6
1234	15000	50	10	0,1	67,0
1234	15000	50	10	0,01	68,0
1234	15000	50	10	0,001	53,6
1234	15000	50	10	1,0E-4	45,4
1234	15000	50	10	1,0E-5	32,0
1234	15000	50	15	0,1	68,4
1234	15000	50	15	0,01	68,4
1234	15000	50	15	0,001	54,4
1234	15000	50	15	1,0E-4	32,6
1234	15000	50	15	1,0E-5	33,6
1234	15000	50	20	0,1	67,2
1234	15000	50	20	0,01	68,2
1234	15000	50	20	0,001	48,8
1234	15000	50	20	1,0E-4	28,8
1234	15000	50	20	1,0E-5	29,8
1234	15000	50	25	0,1	68,8
1234	15000	50	25	0,01	67,0
1234	15000	50	25	0,001	48,8
1234	15000	50	25	1,0E-4	28,6
1234	15000	50	25	1,0E-5	29,8
1234	15000	50	30	0,1	64,6
1234	15000	50	30	0,01	65,4
1234	15000	50	30	0,001	53,4
1234	15000	50	30	1,0E-4	28,6
1234	15000	50	30	1,0E-5	28,2
1234	15000	50	40	0,1	68,2
1234	15000	50	40	0,01	61,2
1234	15000	50	40	0,001	50,4
1234	15000	50	40	1,0E-4	28,0
1234	15000	50	40	1,0E-5	27,0
1234	15000	50	50	0,1	66,6
1234	15000	50	50	0,01	63,8
1234	15000	50	50	0,001	44,2
1234	15000	50	50	1,0E-4	30,8
1234	15000	50	50	1,0E-5	28,6
1234	15000	50	60	0,1	67,6
1234	15000	50	60	0,01	58,6
1234	15000	50	60	0,001	57,2
1234	15000	50	60	1,0E-4	31,0
1234	15000	50	60	1,0E-5	29,4
1234	15000	50	70	0,1	67,4
1234	15000	50	70	0,01	57,4
1234	15000	50	70	0,001	48,0
1234	15000	50	70	1,0E-4	29,8
1234	15000	50	70	1,0E-5	27,8
1234	15000	60	5	0,1	70,6
1234	15000	60	5	0,01	70,6
1234	15000	60	5	0,001	59,4
1234	15000	60	5	1,0E-4	57,6
1234	15000	60	5	1,0E-5	49,4
1234	15000	60	10	0,1	68,0
1234	15000	60	10	0,01	67,6
1234	15000	60	10	0,001	53,2
1234	15000	60	10	1,0E-4	46,4
1234	15000	60	10	1,0E-5	33,8
1234	15000	60	15	0,1	70,2
1234	15000	60	15	0,01	68,0
1234	15000	60	15	0,001	54,8
1234	15000	60	15	1,0E-4	37,2
1234	15000	60	15	1,0E-5	27,8
1234	15000	60	20	0,1	67,0
1234	15000	60	20	0,01	60,4
1234	15000	60	20	0,001	56,0
1234	15000	60	20	1,0E-4	32,0
1234	15000	60	20	1,0E-5	32,0
1234	15000	60	25	0,1	61,6
1234	15000	60	25	0,01	64,6
1234	15000	60	25	0,001	51,0
1234	15000	60	25	1,0E-4	27,8
1234	15000	60	25	1,0E-5	35,2
1234	15000	60	30	0,1	69,4
1234	15000	60	30	0,01	62,8
1234	15000	60	30	0,001	52,0
1234	15000	60	30	1,0E-4	33,4
1234	15000	60	30	1,0E-5	27,6
1234	15000	60	40	0,1	65,2
1234	15000	60	40	0,01	59,0
1234	15000	60	40	0,001	44,8
1234	15000	60	40	1,0E-4	28,2
1234	15000	60	40	1,0E-5	27,2
1234	15000	60	50	0,1	65,2
1234	15000	60	50	0,01	57,8
1234	15000	60	50	0,001	53,6
1234	15000	60	50	1,0E-4	31,0
1234	15000	60	50	1,0E-5	29,0
1234	15000	60	60	0,1	66,4
1234	15000	60	60	0,01	61,6
1234	15000	60	60	0,001	51,4
1234	15000	60	60	1,0E-4	28,4
1234	15000	60	60	1,0E-5	28,4
1234	15000	60	70	0,1	62,6
1234	15000	60	70	0,01	58,6
1234	15000	60	70	0,001	53,4
1234	15000	60	70	1,0E-4	27,6
1234	15000	60	70	1,0E-5	28,0
1234	15000	70	5	0,1	70,2
1234	15000	70	5	0,01	70,2
1234	15000	70	5	0,001	67,8
1234	15000	70	5	1,0E-4	52,0
1234	15000	70	5	1,0E-5	45,4
1234	15000	70	10	0,1	68,2
1234	15000	70	10	0,01	68,6
1234	15000	70	10	0,001	55,2
1234	15000	70	10	1,0E-4	42,0
1234	15000	70	10	1,0E-5	31,8
1234	15000	70	15	0,1	69,2
1234	15000	70	15	0,01	62,2
1234	15000	70	15	0,001	56,0
1234	15000	70	15	1,0E-4	32,2
1234	15000	70	15	1,0E-5	28,6
1234	15000	70	20	0,1	68,2
1234	15000	70	20	0,01	67,0
1234	15000	70	20	0,001	57,6
1234	15000	70	20	1,0E-4	28,6
1234	15000	70	20	1,0E-5	31,2
1234	15000	70	25	0,1	67,4
1234	15000	70	25	0,01	61,2
1234	15000	70	25	0,001	52,6
1234	15000	70	25	1,0E-4	32,0
1234	15000	70	25	1,0E-5	26,6
1234	15000	70	30	0,1	69,2
1234	15000	70	30	0,01	65,0
1234	15000	70	30	0,001	52,2
1234	15000	70	30	1,0E-4	32,2
1234	15000	70	30	1,0E-5	28,4
1234	15000	70	40	0,1	66,6
1234	15000	70	40	0,01	64,4
1234	15000	70	40	0,001	47,8
1234	15000	70	40	1,0E-4	30,2
1234	15000	70	40	1,0E-5	28,8
1234	15000	70	50	0,1	64,4
1234	15000	70	50	0,01	55,4
1234	15000	70	50	0,001	46,6
1234	15000	70	50	1,0E-4	27,6
1234	15000	70	50	1,0E-5	28,0
1234	15000	70	60	0,1	64,4
1234	15000	70	60	0,01	65,4
1234	15000	70	60	0,001	46,8
1234	15000	70	60	1,0E-4	29,6
1234	15000	70	60	1,0E-5	27,4
1234	15000	70	70	0,1	67,4
1234	15000	70	70	0,01	56,8
1234	15000	70	70	0,001	46,8
1234	15000	70	70	1,0E-4	28,0
1234	15000	70	70	1,0E-5	30,0
242359	15000	10	5	0,1	89,6
242359	15000	10	5	0,01	88,8
242359	15000	10	5	0,001	86,0
242359	15000	10	5	1,0E-4	71,8
242359	15000	10	5	1,0E-5	65,2
242359	15000	10	10	0,1	88,8
242359	15000	10	10	0,01	84,0
242359	15000	10	10	0,001	74,0
242359	15000	10	10	1,0E-4	63,4
242359	15000	10	10	1,0E-5	48,2
242359	15000	10	15	0,1	89,2
242359	15000	10	15	0,01	86,8
242359	15000	10	15	0,001	72,6
242359	15000	10	15	1,0E-4	49,4
242359	15000	10	15	1,0E-5	36,8
242359	15000	10	20	0,1	88,8
242359	15000	10	20	0,01	76,8
242359	15000	10	20	0,001	70,2
242359	15000	10	20	1,0E-4	46,2
242359	15000	10	20	1,0E-5	35,6
242359	15000	10	25	0,1	86,6
242359	15000	10	25	0,01	78,6
242359	15000	10	25	0,001	64,2
242359	15000	10	25	1,0E-4	36,8
242359	15000	10	25	1,0E-5	25,4
242359	15000	10	30	0,1	87,4
242359	15000	10	30	0,01	76,6
242359	15000	10	30	0,001	64,2
242359	15000	10	30	1,0E-4	35,6
242359	15000	10	30	1,0E-5	31,4
242359	15000	10	40	0,1	87,6
242359	15000	10	40	0,01	78,6
242359	15000	10	40	0,001	66,0
242359	15000	10	40	1,0E-4	28,0
242359	15000	10	40	1,0E-5	33,2
242359	15000	10	50	0,1	85,0
242359	15000	10	50	0,01	76,6
242359	15000	10	50	0,001	68,6
242359	15000	10	50	1,0E-4	29,6
242359	15000	10	50	1,0E-5	28,6
242359	15000	10	60	0,1	82,4
242359	15000	10	60	0,01	75,8
242359	15000	10	60	0,001	62,2
242359	15000	10	60	1,0E-4	23,4
242359	15000	10	60	1,0E-5	23,2
242359	15000	10	70	0,1	87,0
242359	15000	10	70	0,01	75,4
242359	15000	10	70	0,001	60,0
242359	15000	10	70	1,0E-4	24,6
242359	15000	10	70	1,0E-5	25,4
242359	15000	20	5	0,1	88,6
242359	15000	20	5	0,01	87,6
242359	15000	20	5	0,001	84,8
242359	15000	20	5	1,0E-4	77,4
242359	15000	20	5	1,0E-5	61,6
242359	15000	20	10	0,1	86,4
242359	15000	20	10	0,01	79,0
242359	15000	20	10	0,001	74,0
242359	15000	20	10	1,0E-4	60,8
242359	15000	20	10	1,0E-5	46,4
242359	15000	20	15	0,1	89,8
242359	15000	20	15	0,01	82,6
242359	15000	20	15	0,001	65,0
242359	15000	20	15	1,0E-4	49,8
242359	15000	20	15	1,0E-5	37,4
242359	15000	20	20	0,1	85,4
242359	15000	20	20	0,01	79,8
242359	15000	20	20	0,001	62,2
242359	15000	20	20	1,0E-4	38,6
242359	15000	20	20	1,0E-5	38,0
242359	15000	20	25	0,1	83,4
242359	15000	20	25	0,01	81,0
242359	15000	20	25	0,001	70,6
242359	15000	20	25	1,0E-4	29,4
242359	15000	20	25	1,0E-5	28,4
242359	15000	20	30	0,1	85,0
242359	15000	20	30	0,01	80,2
242359	15000	20	30	0,001	72,0
242359	15000	20	30	1,0E-4	32,4
242359	15000	20	30	1,0E-5	34,4
242359	15000	20	40	0,1	85,4
242359	15000	20	40	0,01	75,0
242359	15000	20	40	0,001	66,0
242359	15000	20	40	1,0E-4	34,2
242359	15000	20	40	1,0E-5	27,4
242359	15000	20	50	0,1	84,6
242359	15000	20	50	0,01	72,8
242359	15000	20	50	0,001	66,0
242359	15000	20	50	1,0E-4	32,8
242359	15000	20	50	1,0E-5	30,0
242359	15000	20	60	0,1	85,2
242359	15000	20	60	0,01	74,2
242359	15000	20	60	0,001	68,0
242359	15000	20	60	1,0E-4	25,6
242359	15000	20	60	1,0E-5	27,8
242359	15000	20	70	0,1	85,0
242359	15000	20	70	0,01	75,0
242359	15000	20	70	0,001	58,8
242359	15000	20	70	1,0E-4	26,0
242359	15000	20	70	1,0E-5	26,2
242359	15000	30	5	0,1	84,6
242359	15000	30	5	0,01	90,8
242359	15000	30	5	0,001	87,0
242359	15000	30	5	1,0E-4	74,8
242359	15000	30	5	1,0E-5	60,0
242359	15000	30	10	0,1	86,6
242359	15000	30	10	0,01	83,4
242359	15000	30	10	0,001	76,8
242359	15000	30	10	1,0E-4	62,0
242359	15000	30	10	1,0E-5	42,2
242359	15000	30	15	0,1	86,8
242359	15000	30	15	0,01	84,4
242359	15000	30	15	0,001	73,4
242359	15000	30	15	1,0E-4	45,6
242359	15000	30	15	1,0E-5	41,2
242359	15000	30	20	0,1	86,6
242359	15000	30	20	0,01	79,6
242359	15000	30	20	0,001	70,4
242359	15000	30	20	1,0E-4	45,8
242359	15000	30	20	1,0E-5	30,0
242359	15000	30	25	0,1	85,6
242359	15000	30	25	0,01	82,6
242359	15000	30	25	0,001	58,8
242359	15000	30	25	1,0E-4	33,6
242359	15000	30	25	1,0E-5	23,4
242359	15000	30	30	0,1	80,8
242359	15000	30	30	0,01	78,0
242359	15000	30	30	0,001	71,6
242359	15000	30	30	1,0E-4	34,0
242359	15000	30	30	1,0E-5	33,2
242359	15000	30	40	0,1	85,8
242359	15000	30	40	0,01	77,2
242359	15000	30	40	0,001	67,4
242359	15000	30	40	1,0E-4	36,0
242359	15000	30	40	1,0E-5	35,8
242359	15000	30	50	0,1	82,4
242359	15000	30	50	0,01	70,4
242359	15000	30	50	0,001	64,4
242359	15000	30	50	1,0E-4	28,8
242359	15000	30	50	1,0E-5	28,8
242359	15000	30	60	0,1	81,0
242359	15000	30	60	0,01	77,6
242359	15000	30	60	0,001	61,8
242359	15000	30	60	1,0E-4	33,4
242359	15000	30	60	1,0E-5	23,2
242359	15000	30	70	0,1	85,4
242359	15000	30	70	0,01	78,0
242359	15000	30	70	0,001	63,0
242359	15000	30	70	1,0E-4	27,8
242359	15000	30	70	1,0E-5	27,6
242359	15000	40	5	0,1	90,4
242359	15000	40	5	0,01	87,8
242359	15000	40	5	0,001	88,8
242359	15000	40	5	1,0E-4	74,6
242359	15000	40	5	1,0E-5	62,0
242359	15000	40	10	0,1	81,4
242359	15000	40	10	0,01	83,4
242359	15000	40	10	0,001	65,2
242359	15000	40	10	1,0E-4	64,0
242359	15000	40	10	1,0E-5	37,4
242359	15000	40	15	0,1	84,8
242359	15000	40	15	0,01	77,6
242359	15000	40	15	0,001	69,6
242359	15000	40	15	1,0E-4	46,8
242359	15000	40	15	1,0E-5	35,4
242359	15000	40	20	0,1	84,2
242359	15000	40	20	0,01	81,2
242359	15000	40	20	0,001	67,2
242359	15000	40	20	1,0E-4	41,8
242359	15000	40	20	1,0E-5	30,8
242359	15000	40	25	0,1	82,6
242359	15000	40	25	0,01	81,8
242359	15000	40	25	0,001	65,0
242359	15000	40	25	1,0E-4	39,4
242359	15000	40	25	1,0E-5	27,4
242359	15000	40	30	0,1	81,0
242359	15000	40	30	0,01	77,0
242359	15000	40	30	0,001	59,8
242359	15000	40	30	1,0E-4	41,6
242359	15000	40	30	1,0E-5	24,8
242359	15000	40	40	0,1	83,0
242359	15000	40	40	0,01	76,6
242359	15000	40	40	0,001	65,0
242359	15000	40	40	1,0E-4	32,0
242359	15000	40	40	1,0E-5	35,4
242359	15000	40	50	0,1	77,6
242359	15000	40	50	0,01	82,8
242359	15000	40	50	0,001	67,2
242359	15000	40	50	1,0E-4	30,6
242359	15000	40	50	1,0E-5	25,4
242359	15000	40	60	0,1	83,8
242359	15000	40	60	0,01	79,2
242359	15000	40	60	0,001	63,4
242359	15000	40	60	1,0E-4	28,8
242359	15000	40	60	1,0E-5	37,2
242359	15000	40	70	0,1	85,8
242359	15000	40	70	0,01	76,8
242359	15000	40	70	0,001	65,2
242359	15000	40	70	1,0E-4	25,4
242359	15000	40	70	1,0E-5	29,4
242359	15000	50	5	0,1	85,8
242359	15000	50	5	0,01	87,4
242359	15000	50	5	0,001	89,6
242359	15000	50	5	1,0E-4	78,0
242359	15000	50	5	1,0E-5	57,8
242359	15000	50	10	0,1	83,0
242359	15000	50	10	0,01	83,6
242359	15000	50	10	0,001	69,6
242359	15000	50	10	1,0E-4	64,0
242359	15000	50	10	1,0E-5	47,6
242359	15000	50	15	0,1	84,4
242359	15000	50	15	0,01	80,2
242359	15000	50	15	0,001	72,4
242359	15000	50	15	1,0E-4	48,0
242359	15000	50	15	1,0E-5	38,8
242359	15000	50	20	0,1	87,8
242359	15000	50	20	0,01	83,2
242359	15000	50	20	0,001	71,6
242359	15000	50	20	1,0E-4	43,4
242359	15000	50	20	1,0E-5	34,0
242359	15000	50	25	0,1	79,4
242359	15000	50	25	0,01	75,6
242359	15000	50	25	0,001	63,4
242359	15000	50	25	1,0E-4	43,8
242359	15000	50	25	1,0E-5	26,4
242359	15000	50	30	0,1	79,6
242359	15000	50	30	0,01	77,2
242359	15000	50	30	0,001	64,4
242359	15000	50	30	1,0E-4	32,2
242359	15000	50	30	1,0E-5	34,4
242359	15000	50	40	0,1	82,2
242359	15000	50	40	0,01	73,4
242359	15000	50	40	0,001	61,0
242359	15000	50	40	1,0E-4	34,4
242359	15000	50	40	1,0E-5	29,2
242359	15000	50	50	0,1	77,6
242359	15000	50	50	0,01	75,4
242359	15000	50	50	0,001	66,2
242359	15000	50	50	1,0E-4	30,4
242359	15000	50	50	1,0E-5	32,4
242359	15000	50	60	0,1	80,6
242359	15000	50	60	0,01	78,4
242359	15000	50	60	0,001	60,8
242359	15000	50	60	1,0E-4	25,8
242359	15000	50	60	1,0E-5	29,6
242359	15000	50	70	0,1	81,6
242359	15000	50	70	0,01	78,0
242359	15000	50	70	0,001	63,6
242359	15000	50	70	1,0E-4	33,6
242359	15000	50	70	1,0E-5	26,8
242359	15000	60	5	0,1	87,4
242359	15000	60	5	0,01	87,8
242359	15000	60	5	0,001	79,0
242359	15000	60	5	1,0E-4	74,4
242359	15000	60	5	1,0E-5	63,0
242359	15000	60	10	0,1	86,4
242359	15000	60	10	0,01	87,4
242359	15000	60	10	0,001	72,8
242359	15000	60	10	1,0E-4	54,0
242359	15000	60	10	1,0E-5	53,6
242359	15000	60	15	0,1	80,8
242359	15000	60	15	0,01	80,4
242359	15000	60	15	0,001	66,2
242359	15000	60	15	1,0E-4	45,8
242359	15000	60	15	1,0E-5	32,6
242359	15000	60	20	0,1	85,2
242359	15000	60	20	0,01	80,2
242359	15000	60	20	0,001	72,4
242359	15000	60	20	1,0E-4	39,2
242359	15000	60	20	1,0E-5	30,4
242359	15000	60	25	0,1	83,4
242359	15000	60	25	0,01	80,6
242359	15000	60	25	0,001	66,6
242359	15000	60	25	1,0E-4	40,6
242359	15000	60	25	1,0E-5	34,2
242359	15000	60	30	0,1	78,4
242359	15000	60	30	0,01	78,2
242359	15000	60	30	0,001	64,4
242359	15000	60	30	1,0E-4	33,4
242359	15000	60	30	1,0E-5	32,0
242359	15000	60	40	0,1	81,0
242359	15000	60	40	0,01	74,4
242359	15000	60	40	0,001	64,8
242359	15000	60	40	1,0E-4	31,0
242359	15000	60	40	1,0E-5	28,4
242359	15000	60	50	0,1	77,6
242359	15000	60	50	0,01	73,0
242359	15000	60	50	0,001	73,6
242359	15000	60	50	1,0E-4	28,4
242359	15000	60	50	1,0E-5	28,4
242359	15000	60	60	0,1	77,4
242359	15000	60	60	0,01	71,6
242359	15000	60	60	0,001	67,4
242359	15000	60	60	1,0E-4	30,0
242359	15000	60	60	1,0E-5	33,4
242359	15000	60	70	0,1	83,0
242359	15000	60	70	0,01	72,6
242359	15000	60	70	0,001	61,8
242359	15000	60	70	1,0E-4	32,6
242359	15000	60	70	1,0E-5	30,0
242359	15000	70	5	0,1	86,6
242359	15000	70	5	0,01	86,0
242359	15000	70	5	0,001	84,4
242359	15000	70	5	1,0E-4	71,8
242359	15000	70	5	1,0E-5	60,0
242359	15000	70	10	0,1	83,4
242359	15000	70	10	0,01	85,0
242359	15000	70	10	0,001	75,8
242359	15000	70	10	1,0E-4	62,2
242359	15000	70	10	1,0E-5	40,4
242359	15000	70	15	0,1	83,2
242359	15000	70	15	0,01	78,8
242359	15000	70	15	0,001	70,2
242359	15000	70	15	1,0E-4	51,4
242359	15000	70	15	1,0E-5	35,8
242359	15000	70	20	0,1	84,8
242359	15000	70	20	0,01	82,2
242359	15000	70	20	0,001	67,6
242359	15000	70	20	1,0E-4	40,2
242359	15000	70	20	1,0E-5	38,0
242359	15000	70	25	0,1	83,4
242359	15000	70	25	0,01	71,0
242359	15000	70	25	0,001	62,2
242359	15000	70	25	1,0E-4	39,2
242359	15000	70	25	1,0E-5	33,0
242359	15000	70	30	0,1	80,4
242359	15000	70	30	0,01	76,4
242359	15000	70	30	0,001	75,0
242359	15000	70	30	1,0E-4	39,2
242359	15000	70	30	1,0E-5	37,6
242359	15000	70	40	0,1	82,2
242359	15000	70	40	0,01	76,6
242359	15000	70	40	0,001	62,8
242359	15000	70	40	1,0E-4	34,2
242359	15000	70	40	1,0E-5	40,4
242359	15000	70	50	0,1	78,8
242359	15000	70	50	0,01	67,0
242359	15000	70	50	0,001	67,0
242359	15000	70	50	1,0E-4	25,2
242359	15000	70	50	1,0E-5	28,8
242359	15000	70	60	0,1	76,8
242359	15000	70	60	0,01	71,6
242359	15000	70	60	0,001	66,8
242359	15000	70	60	1,0E-4	21,4
242359	15000	70	60	1,0E-5	29,4
242359	15000	70	70	0,1	82,0
242359	15000	70	70	0,01	74,8
242359	15000	70	70	0,001	55,4
242359	15000	70	70	1,0E-4	34,4
242359	15000	70	70	1,0E-5	20,6
986	15000	10	5	0,1	53,2
986	15000	10	5	0,01	52,6
986	15000	10	5	0,001	50,8
986	15000	10	5	1,0E-4	46,2
986	15000	10	5	1,0E-5	49,8
986	15000	10	10	0,1	53,2
986	15000	10	10	0,01	51,4
986	15000	10	10	0,001	44,8
986	15000	10	10	1,0E-4	41,8
986	15000	10	10	1,0E-5	44,4
986	15000	10	15	0,1	52,2
986	15000	10	15	0,01	48,4
986	15000	10	15	0,001	46,6
986	15000	10	15	1,0E-4	44,2
986	15000	10	15	1,0E-5	44,0
986	15000	10	20	0,1	50,4
986	15000	10	20	0,01	48,2
986	15000	10	20	0,001	48,0
986	15000	10	20	1,0E-4	42,4
986	15000	10	20	1,0E-5	43,0
986	15000	10	25	0,1	52,8
986	15000	10	25	0,01	47,6
986	15000	10	25	0,001	41,4
986	15000	10	25	1,0E-4	44,8
986	15000	10	25	1,0E-5	40,6
986	15000	10	30	0,1	51,6
986	15000	10	30	0,01	44,6
986	15000	10	30	0,001	38,2
986	15000	10	30	1,0E-4	45,4
986	15000	10	30	1,0E-5	40,4
986	15000	10	40	0,1	49,8
986	15000	10	40	0,01	41,8
986	15000	10	40	0,001	40,6
986	15000	10	40	1,0E-4	44,0
986	15000	10	40	1,0E-5	42,6
986	15000	10	50	0,1	52,8
986	15000	10	50	0,01	43,8
986	15000	10	50	0,001	45,4
986	15000	10	50	1,0E-4	38,4
986	15000	10	50	1,0E-5	41,6
986	15000	10	60	0,1	49,6
986	15000	10	60	0,01	43,6
986	15000	10	60	0,001	41,6
986	15000	10	60	1,0E-4	44,6
986	15000	10	60	1,0E-5	37,0
986	15000	10	70	0,1	49,2
986	15000	10	70	0,01	43,2
986	15000	10	70	0,001	44,6
986	15000	10	70	1,0E-4	40,0
986	15000	10	70	1,0E-5	42,2
986	15000	20	5	0,1	54,0
986	15000	20	5	0,01	53,0
986	15000	20	5	0,001	50,2
986	15000	20	5	1,0E-4	47,6
986	15000	20	5	1,0E-5	46,4
986	15000	20	10	0,1	52,0
986	15000	20	10	0,01	50,6
986	15000	20	10	0,001	43,8
986	15000	20	10	1,0E-4	43,4
986	15000	20	10	1,0E-5	40,0
986	15000	20	15	0,1	50,4
986	15000	20	15	0,01	48,0
986	15000	20	15	0,001	43,0
986	15000	20	15	1,0E-4	42,2
986	15000	20	15	1,0E-5	45,2
986	15000	20	20	0,1	49,8
986	15000	20	20	0,01	48,2
986	15000	20	20	0,001	39,8
986	15000	20	20	1,0E-4	43,2
986	15000	20	20	1,0E-5	39,8
986	15000	20	25	0,1	51,0
986	15000	20	25	0,01	43,2
986	15000	20	25	0,001	42,8
986	15000	20	25	1,0E-4	44,2
986	15000	20	25	1,0E-5	40,4
986	15000	20	30	0,1	52,4
986	15000	20	30	0,01	41,4
986	15000	20	30	0,001	41,6
986	15000	20	30	1,0E-4	41,2
986	15000	20	30	1,0E-5	44,0
986	15000	20	40	0,1	49,6
986	15000	20	40	0,01	48,4
986	15000	20	40	0,001	39,4
986	15000	20	40	1,0E-4	41,4
986	15000	20	40	1,0E-5	40,6
986	15000	20	50	0,1	47,8
986	15000	20	50	0,01	46,2
986	15000	20	50	0,001	39,8
986	15000	20	50	1,0E-4	44,8
986	15000	20	50	1,0E-5	42,0
986	15000	20	60	0,1	46,0
986	15000	20	60	0,01	39,6
986	15000	20	60	0,001	42,4
986	15000	20	60	1,0E-4	44,0
986	15000	20	60	1,0E-5	38,2
986	15000	20	70	0,1	51,4
986	15000	20	70	0,01	48,0
986	15000	20	70	0,001	41,6
986	15000	20	70	1,0E-4	37,4
986	15000	20	70	1,0E-5	44,6
986	15000	30	5	0,1	54,0
986	15000	30	5	0,01	52,8
986	15000	30	5	0,001	49,0
986	15000	30	5	1,0E-4	46,2
986	15000	30	5	1,0E-5	43,4
986	15000	30	10	0,1	51,2
986	15000	30	10	0,01	44,2
986	15000	30	10	0,001	44,4
986	15000	30	10	1,0E-4	50,8
986	15000	30	10	1,0E-5	46,0
986	15000	30	15	0,1	50,8
986	15000	30	15	0,01	48,6
986	15000	30	15	0,001	42,6
986	15000	30	15	1,0E-4	48,6
986	15000	30	15	1,0E-5	42,6
986	15000	30	20	0,1	48,2
986	15000	30	20	0,01	46,8
986	15000	30	20	0,001	44,8
986	15000	30	20	1,0E-4	44,4
986	15000	30	20	1,0E-5	39,2
986	15000	30	25	0,1	47,2
986	15000	30	25	0,01	44,6
986	15000	30	25	0,001	43,4
986	15000	30	25	1,0E-4	42,6
986	15000	30	25	1,0E-5	44,4
986	15000	30	30	0,1	49,8
986	15000	30	30	0,01	48,2
986	15000	30	30	0,001	43,8
986	15000	30	30	1,0E-4	40,4
986	15000	30	30	1,0E-5	40,8
986	15000	30	40	0,1	46,6
986	15000	30	40	0,01	47,8
986	15000	30	40	0,001	46,4
986	15000	30	40	1,0E-4	41,2
986	15000	30	40	1,0E-5	43,6
986	15000	30	50	0,1	52,2
986	15000	30	50	0,01	47,0
986	15000	30	50	0,001	50,0
986	15000	30	50	1,0E-4	47,0
986	15000	30	50	1,0E-5	38,2
986	15000	30	60	0,1	49,4
986	15000	30	60	0,01	43,0
986	15000	30	60	0,001	40,0
986	15000	30	60	1,0E-4	42,2
986	15000	30	60	1,0E-5	39,0
986	15000	30	70	0,1	48,8
986	15000	30	70	0,01	44,0
986	15000	30	70	0,001	39,2
986	15000	30	70	1,0E-4	43,0
986	15000	30	70	1,0E-5	41,6
986	15000	40	5	0,1	53,6
986	15000	40	5	0,01	53,0
986	15000	40	5	0,001	49,8
986	15000	40	5	1,0E-4	48,2
986	15000	40	5	1,0E-5	46,8
986	15000	40	10	0,1	50,0
986	15000	40	10	0,01	48,0
986	15000	40	10	0,001	42,6
986	15000	40	10	1,0E-4	48,4
986	15000	40	10	1,0E-5	45,2
986	15000	40	15	0,1	48,8
986	15000	40	15	0,01	47,0
986	15000	40	15	0,001	45,6
986	15000	40	15	1,0E-4	42,6
986	15000	40	15	1,0E-5	40,4
986	15000	40	20	0,1	52,4
986	15000	40	20	0,01	45,2
986	15000	40	20	0,001	40,6
986	15000	40	20	1,0E-4	47,2
986	15000	40	20	1,0E-5	43,6
986	15000	40	25	0,1	52,4
986	15000	40	25	0,01	45,4
986	15000	40	25	0,001	42,0
986	15000	40	25	1,0E-4	41,0
986	15000	40	25	1,0E-5	45,2
986	15000	40	30	0,1	47,4
986	15000	40	30	0,01	47,0
986	15000	40	30	0,001	41,8
986	15000	40	30	1,0E-4	40,8
986	15000	40	30	1,0E-5	45,4
986	15000	40	40	0,1	47,4
986	15000	40	40	0,01	44,6
986	15000	40	40	0,001	41,4
986	15000	40	40	1,0E-4	42,6
986	15000	40	40	1,0E-5	44,8
986	15000	40	50	0,1	45,6
986	15000	40	50	0,01	44,4
986	15000	40	50	0,001	41,6
986	15000	40	50	1,0E-4	42,6
986	15000	40	50	1,0E-5	40,4
986	15000	40	60	0,1	45,2
986	15000	40	60	0,01	44,8
986	15000	40	60	0,001	46,8
986	15000	40	60	1,0E-4	43,0
986	15000	40	60	1,0E-5	43,6
986	15000	40	70	0,1	47,2
986	15000	40	70	0,01	41,0
986	15000	40	70	0,001	42,8
986	15000	40	70	1,0E-4	39,8
986	15000	40	70	1,0E-5	41,6
986	15000	50	5	0,1	52,2
986	15000	50	5	0,01	53,2
986	15000	50	5	0,001	49,2
986	15000	50	5	1,0E-4	48,4
986	15000	50	5	1,0E-5	47,0
986	15000	50	10	0,1	50,0
986	15000	50	10	0,01	51,2
986	15000	50	10	0,001	44,6
986	15000	50	10	1,0E-4	48,6
986	15000	50	10	1,0E-5	48,4
986	15000	50	15	0,1	48,2
986	15000	50	15	0,01	46,8
986	15000	50	15	0,001	43,6
986	15000	50	15	1,0E-4	42,2
986	15000	50	15	1,0E-5	45,4
986	15000	50	20	0,1	47,8
986	15000	50	20	0,01	44,8
986	15000	50	20	0,001	42,0
986	15000	50	20	1,0E-4	42,6
986	15000	50	20	1,0E-5	44,6
986	15000	50	25	0,1	48,6
986	15000	50	25	0,01	40,2
986	15000	50	25	0,001	41,6
986	15000	50	25	1,0E-4	40,4
986	15000	50	25	1,0E-5	40,0
986	15000	50	30	0,1	47,8
986	15000	50	30	0,01	48,2
986	15000	50	30	0,001	40,0
986	15000	50	30	1,0E-4	42,4
986	15000	50	30	1,0E-5	41,2
986	15000	50	40	0,1	49,8
986	15000	50	40	0,01	45,8
986	15000	50	40	0,001	42,4
986	15000	50	40	1,0E-4	43,0
986	15000	50	40	1,0E-5	46,0
986	15000	50	50	0,1	50,2
986	15000	50	50	0,01	45,6
986	15000	50	50	0,001	42,4
986	15000	50	50	1,0E-4	44,6
986	15000	50	50	1,0E-5	40,6
986	15000	50	60	0,1	46,6
986	15000	50	60	0,01	42,6
986	15000	50	60	0,001	41,0
986	15000	50	60	1,0E-4	39,6
986	15000	50	60	1,0E-5	42,2
986	15000	50	70	0,1	42,8
986	15000	50	70	0,01	49,0
986	15000	50	70	0,001	40,8
986	15000	50	70	1,0E-4	45,8
986	15000	50	70	1,0E-5	41,4
986	15000	60	5	0,1	53,2
986	15000	60	5	0,01	53,2
986	15000	60	5	0,001	50,0
986	15000	60	5	1,0E-4	47,2
986	15000	60	5	1,0E-5	45,0
986	15000	60	10	0,1	49,4
986	15000	60	10	0,01	50,4
986	15000	60	10	0,001	42,8
986	15000	60	10	1,0E-4	46,4
986	15000	60	10	1,0E-5	39,6
986	15000	60	15	0,1	45,4
986	15000	60	15	0,01	44,4
986	15000	60	15	0,001	43,4
986	15000	60	15	1,0E-4	45,6
986	15000	60	15	1,0E-5	45,8
986	15000	60	20	0,1	49,2
986	15000	60	20	0,01	48,0
986	15000	60	20	0,001	40,0
986	15000	60	20	1,0E-4	40,2
986	15000	60	20	1,0E-5	44,2
986	15000	60	25	0,1	43,8
986	15000	60	25	0,01	45,6
986	15000	60	25	0,001	43,4
986	15000	60	25	1,0E-4	41,2
986	15000	60	25	1,0E-5	42,4
986	15000	60	30	0,1	47,8
986	15000	60	30	0,01	46,0
986	15000	60	30	0,001	43,8
986	15000	60	30	1,0E-4	39,2
986	15000	60	30	1,0E-5	40,6
986	15000	60	40	0,1	46,0
986	15000	60	40	0,01	44,4
986	15000	60	40	0,001	39,0
986	15000	60	40	1,0E-4	44,8
986	15000	60	40	1,0E-5	40,6
986	15000	60	50	0,1	46,8
986	15000	60	50	0,01	42,8
986	15000	60	50	0,001	42,8
986	15000	60	50	1,0E-4	42,6
986	15000	60	50	1,0E-5	43,2
986	15000	60	60	0,1	48,2
986	15000	60	60	0,01	44,8
986	15000	60	60	0,001	44,4
986	15000	60	60	1,0E-4	39,2
986	15000	60	60	1,0E-5	42,6
986	15000	60	70	0,1	46,8
986	15000	60	70	0,01	42,0
986	15000	60	70	0,001	38,8
986	15000	60	70	1,0E-4	42,4
986	15000	60	70	1,0E-5	38,0
986	15000	70	5	0,1	52,6
986	15000	70	5	0,01	51,0
986	15000	70	5	0,001	49,6
986	15000	70	5	1,0E-4	49,8
986	15000	70	5	1,0E-5	48,0
986	15000	70	10	0,1	50,2
986	15000	70	10	0,01	50,8
986	15000	70	10	0,001	47,4
986	15000	70	10	1,0E-4	43,4
986	15000	70	10	1,0E-5	47,0
986	15000	70	15	0,1	46,4
986	15000	70	15	0,01	48,0
986	15000	70	15	0,001	45,6
986	15000	70	15	1,0E-4	42,8
986	15000	70	15	1,0E-5	41,8
986	15000	70	20	0,1	46,6
986	15000	70	20	0,01	46,4
986	15000	70	20	0,001	40,0
986	15000	70	20	1,0E-4	40,2
986	15000	70	20	1,0E-5	43,2
986	15000	70	25	0,1	47,6
986	15000	70	25	0,01	42,0
986	15000	70	25	0,001	43,6
986	15000	70	25	1,0E-4	41,4
986	15000	70	25	1,0E-5	41,4
986	15000	70	30	0,1	46,8
986	15000	70	30	0,01	45,2
986	15000	70	30	0,001	43,8
986	15000	70	30	1,0E-4	39,8
986	15000	70	30	1,0E-5	43,8
986	15000	70	40	0,1	44,4
986	15000	70	40	0,01	47,4
986	15000	70	40	0,001	42,0
986	15000	70	40	1,0E-4	40,2
986	15000	70	40	1,0E-5	39,2
986	15000	70	50	0,1	50,0
986	15000	70	50	0,01	45,2
986	15000	70	50	0,001	44,6
986	15000	70	50	1,0E-4	40,4
986	15000	70	50	1,0E-5	42,0
986	15000	70	60	0,1	44,0
986	15000	70	60	0,01	41,4
986	15000	70	60	0,001	46,2
986	15000	70	60	1,0E-4	42,8
986	15000	70	60	1,0E-5	38,0
986	15000	70	70	0,1	45,6
986	15000	70	70	0,01	45,6
986	15000	70	70	0,001	37,8
986	15000	70	70	1,0E-4	41,6
986	15000	70	70	1,0E-5	37,0
5437	15000	10	5	0,1	100,8
5437	15000	10	5	0,01	99,2
5437	15000	10	5	0,001	90,0
5437	15000	10	5	1,0E-4	83,6
5437	15000	10	5	1,0E-5	61,2
5437	15000	10	10	0,1	100,6
5437	15000	10	10	0,01	96,8
5437	15000	10	10	0,001	85,0
5437	15000	10	10	1,0E-4	72,2
5437	15000	10	10	1,0E-5	37,4
5437	15000	10	15	0,1	101,8
5437	15000	10	15	0,01	94,2
5437	15000	10	15	0,001	79,2
5437	15000	10	15	1,0E-4	48,4
5437	15000	10	15	1,0E-5	33,6
5437	15000	10	20	0,1	102,0
5437	15000	10	20	0,01	92,8
5437	15000	10	20	0,001	72,6
5437	15000	10	20	1,0E-4	45,4
5437	15000	10	20	1,0E-5	32,0
5437	15000	10	25	0,1	93,2
5437	15000	10	25	0,01	93,2
5437	15000	10	25	0,001	76,0
5437	15000	10	25	1,0E-4	37,0
5437	15000	10	25	1,0E-5	32,8
5437	15000	10	30	0,1	100,8
5437	15000	10	30	0,01	95,0
5437	15000	10	30	0,001	70,4
5437	15000	10	30	1,0E-4	37,0
5437	15000	10	30	1,0E-5	25,6
5437	15000	10	40	0,1	98,6
5437	15000	10	40	0,01	91,2
5437	15000	10	40	0,001	76,8
5437	15000	10	40	1,0E-4	28,0
5437	15000	10	40	1,0E-5	28,6
5437	15000	10	50	0,1	96,6
5437	15000	10	50	0,01	80,6
5437	15000	10	50	0,001	74,0
5437	15000	10	50	1,0E-4	26,8
5437	15000	10	50	1,0E-5	20,0
5437	15000	10	60	0,1	98,2
5437	15000	10	60	0,01	85,4
5437	15000	10	60	0,001	65,0
5437	15000	10	60	1,0E-4	28,6
5437	15000	10	60	1,0E-5	20,2
5437	15000	10	70	0,1	94,8
5437	15000	10	70	0,01	84,2
5437	15000	10	70	0,001	73,8
5437	15000	10	70	1,0E-4	22,8
5437	15000	10	70	1,0E-5	22,4
5437	15000	20	5	0,1	101,2
5437	15000	20	5	0,01	95,6
5437	15000	20	5	0,001	95,4
5437	15000	20	5	1,0E-4	79,2
5437	15000	20	5	1,0E-5	62,4
5437	15000	20	10	0,1	100,4
5437	15000	20	10	0,01	98,0
5437	15000	20	10	0,001	82,6
5437	15000	20	10	1,0E-4	72,4
5437	15000	20	10	1,0E-5	36,0
5437	15000	20	15	0,1	99,0
5437	15000	20	15	0,01	99,0
5437	15000	20	15	0,001	78,8
5437	15000	20	15	1,0E-4	60,2
5437	15000	20	15	1,0E-5	36,4
5437	15000	20	20	0,1	97,4
5437	15000	20	20	0,01	95,8
5437	15000	20	20	0,001	74,0
5437	15000	20	20	1,0E-4	42,0
5437	15000	20	20	1,0E-5	30,4
5437	15000	20	25	0,1	98,6
5437	15000	20	25	0,01	87,6
5437	15000	20	25	0,001	75,2
5437	15000	20	25	1,0E-4	42,8
5437	15000	20	25	1,0E-5	23,0
5437	15000	20	30	0,1	102,2
5437	15000	20	30	0,01	84,8
5437	15000	20	30	0,001	74,6
5437	15000	20	30	1,0E-4	31,0
5437	15000	20	30	1,0E-5	29,0
5437	15000	20	40	0,1	99,0
5437	15000	20	40	0,01	92,4
5437	15000	20	40	0,001	72,2
5437	15000	20	40	1,0E-4	24,4
5437	15000	20	40	1,0E-5	25,4
5437	15000	20	50	0,1	100,6
5437	15000	20	50	0,01	90,8
5437	15000	20	50	0,001	74,4
5437	15000	20	50	1,0E-4	24,4
5437	15000	20	50	1,0E-5	28,2
5437	15000	20	60	0,1	96,2
5437	15000	20	60	0,01	86,2
5437	15000	20	60	0,001	66,6
5437	15000	20	60	1,0E-4	23,4
5437	15000	20	60	1,0E-5	21,0
5437	15000	20	70	0,1	92,2
5437	15000	20	70	0,01	81,6
5437	15000	20	70	0,001	67,6
5437	15000	20	70	1,0E-4	36,8
5437	15000	20	70	1,0E-5	29,2
5437	15000	30	5	0,1	97,8
5437	15000	30	5	0,01	99,4
5437	15000	30	5	0,001	96,0
5437	15000	30	5	1,0E-4	78,0
5437	15000	30	5	1,0E-5	69,0
5437	15000	30	10	0,1	101,0
5437	15000	30	10	0,01	88,2
5437	15000	30	10	0,001	79,6
5437	15000	30	10	1,0E-4	72,8
5437	15000	30	10	1,0E-5	39,2
5437	15000	30	15	0,1	95,6
5437	15000	30	15	0,01	93,4
5437	15000	30	15	0,001	80,4
5437	15000	30	15	1,0E-4	47,2
5437	15000	30	15	1,0E-5	38,8
5437	15000	30	20	0,1	99,6
5437	15000	30	20	0,01	98,0
5437	15000	30	20	0,001	69,8
5437	15000	30	20	1,0E-4	42,6
5437	15000	30	20	1,0E-5	38,2
5437	15000	30	25	0,1	95,4
5437	15000	30	25	0,01	90,6
5437	15000	30	25	0,001	71,2
5437	15000	30	25	1,0E-4	34,4
5437	15000	30	25	1,0E-5	36,6
5437	15000	30	30	0,1	98,2
5437	15000	30	30	0,01	87,6
5437	15000	30	30	0,001	73,6
5437	15000	30	30	1,0E-4	38,2
5437	15000	30	30	1,0E-5	26,2
5437	15000	30	40	0,1	98,4
5437	15000	30	40	0,01	88,8
5437	15000	30	40	0,001	63,4
5437	15000	30	40	1,0E-4	27,6
5437	15000	30	40	1,0E-5	28,2
5437	15000	30	50	0,1	94,8
5437	15000	30	50	0,01	82,4
5437	15000	30	50	0,001	68,6
5437	15000	30	50	1,0E-4	26,6
5437	15000	30	50	1,0E-5	28,0
5437	15000	30	60	0,1	98,2
5437	15000	30	60	0,01	84,2
5437	15000	30	60	0,001	70,4
5437	15000	30	60	1,0E-4	28,2
5437	15000	30	60	1,0E-5	24,4
5437	15000	30	70	0,1	95,8
5437	15000	30	70	0,01	77,0
5437	15000	30	70	0,001	71,2
5437	15000	30	70	1,0E-4	34,8
5437	15000	30	70	1,0E-5	22,8
5437	15000	40	5	0,1	97,6
5437	15000	40	5	0,01	101,8
5437	15000	40	5	0,001	97,4
5437	15000	40	5	1,0E-4	80,4
5437	15000	40	5	1,0E-5	65,4
5437	15000	40	10	0,1	91,8
5437	15000	40	10	0,01	100,6
5437	15000	40	10	0,001	79,8
5437	15000	40	10	1,0E-4	63,8
5437	15000	40	10	1,0E-5	46,2
5437	15000	40	15	0,1	98,6
5437	15000	40	15	0,01	93,6
5437	15000	40	15	0,001	78,2
5437	15000	40	15	1,0E-4	57,8
5437	15000	40	15	1,0E-5	31,8
5437	15000	40	20	0,1	92,2
5437	15000	40	20	0,01	91,2
5437	15000	40	20	0,001	74,0
5437	15000	40	20	1,0E-4	46,2
5437	15000	40	20	1,0E-5	31,0
5437	15000	40	25	0,1	96,4
5437	15000	40	25	0,01	86,0
5437	15000	40	25	0,001	72,8
5437	15000	40	25	1,0E-4	38,2
5437	15000	40	25	1,0E-5	28,2
5437	15000	40	30	0,1	91,0
5437	15000	40	30	0,01	92,0
5437	15000	40	30	0,001	70,0
5437	15000	40	30	1,0E-4	37,4
5437	15000	40	30	1,0E-5	29,6
5437	15000	40	40	0,1	96,6
5437	15000	40	40	0,01	89,0
5437	15000	40	40	0,001	74,0
5437	15000	40	40	1,0E-4	22,6
5437	15000	40	40	1,0E-5	29,2
5437	15000	40	50	0,1	93,8
5437	15000	40	50	0,01	78,4
5437	15000	40	50	0,001	73,2
5437	15000	40	50	1,0E-4	35,0
5437	15000	40	50	1,0E-5	24,8
5437	15000	40	60	0,1	94,0
5437	15000	40	60	0,01	78,4
5437	15000	40	60	0,001	58,0
5437	15000	40	60	1,0E-4	30,8
5437	15000	40	60	1,0E-5	28,0
5437	15000	40	70	0,1	96,2
5437	15000	40	70	0,01	81,2
5437	15000	40	70	0,001	74,2
5437	15000	40	70	1,0E-4	30,6
5437	15000	40	70	1,0E-5	32,0
5437	15000	50	5	0,1	101,2
5437	15000	50	5	0,01	94,4
5437	15000	50	5	0,001	95,0
5437	15000	50	5	1,0E-4	87,4
5437	15000	50	5	1,0E-5	63,4
5437	15000	50	10	0,1	96,2
5437	15000	50	10	0,01	90,4
5437	15000	50	10	0,001	80,0
5437	15000	50	10	1,0E-4	66,0
5437	15000	50	10	1,0E-5	46,8
5437	15000	50	15	0,1	89,8
5437	15000	50	15	0,01	94,8
5437	15000	50	15	0,001	79,0
5437	15000	50	15	1,0E-4	56,6
5437	15000	50	15	1,0E-5	40,8
5437	15000	50	20	0,1	94,6
5437	15000	50	20	0,01	92,2
5437	15000	50	20	0,001	76,8
5437	15000	50	20	1,0E-4	42,2
5437	15000	50	20	1,0E-5	24,0
5437	15000	50	25	0,1	88,6
5437	15000	50	25	0,01	89,8
5437	15000	50	25	0,001	79,2
5437	15000	50	25	1,0E-4	40,6
5437	15000	50	25	1,0E-5	27,6
5437	15000	50	30	0,1	97,0
5437	15000	50	30	0,01	86,6
5437	15000	50	30	0,001	78,6
5437	15000	50	30	1,0E-4	28,2
5437	15000	50	30	1,0E-5	27,8
5437	15000	50	40	0,1	94,0
5437	15000	50	40	0,01	85,8
5437	15000	50	40	0,001	60,8
5437	15000	50	40	1,0E-4	34,8
5437	15000	50	40	1,0E-5	25,2
5437	15000	50	50	0,1	98,2
5437	15000	50	50	0,01	83,8
5437	15000	50	50	0,001	70,2
5437	15000	50	50	1,0E-4	29,8
5437	15000	50	50	1,0E-5	28,4
5437	15000	50	60	0,1	95,6
5437	15000	50	60	0,01	88,2
5437	15000	50	60	0,001	65,4
5437	15000	50	60	1,0E-4	32,2
5437	15000	50	60	1,0E-5	31,4
5437	15000	50	70	0,1	93,6
5437	15000	50	70	0,01	79,0
5437	15000	50	70	0,001	63,8
5437	15000	50	70	1,0E-4	30,8
5437	15000	50	70	1,0E-5	26,8
5437	15000	60	5	0,1	98,4
5437	15000	60	5	0,01	101,6
5437	15000	60	5	0,001	93,0
5437	15000	60	5	1,0E-4	86,6
5437	15000	60	5	1,0E-5	66,2
5437	15000	60	10	0,1	99,0
5437	15000	60	10	0,01	88,8
5437	15000	60	10	0,001	89,6
5437	15000	60	10	1,0E-4	66,4
5437	15000	60	10	1,0E-5	33,4
5437	15000	60	15	0,1	101,2
5437	15000	60	15	0,01	94,0
5437	15000	60	15	0,001	67,4
5437	15000	60	15	1,0E-4	57,0
5437	15000	60	15	1,0E-5	37,2
5437	15000	60	20	0,1	95,6
5437	15000	60	20	0,01	89,8
5437	15000	60	20	0,001	74,2
5437	15000	60	20	1,0E-4	45,4
5437	15000	60	20	1,0E-5	21,6
5437	15000	60	25	0,1	96,2
5437	15000	60	25	0,01	88,4
5437	15000	60	25	0,001	77,4
5437	15000	60	25	1,0E-4	42,4
5437	15000	60	25	1,0E-5	39,2
5437	15000	60	30	0,1	96,8
5437	15000	60	30	0,01	84,8
5437	15000	60	30	0,001	79,0
5437	15000	60	30	1,0E-4	41,4
5437	15000	60	30	1,0E-5	33,6
5437	15000	60	40	0,1	95,8
5437	15000	60	40	0,01	89,8
5437	15000	60	40	0,001	66,8
5437	15000	60	40	1,0E-4	25,8
5437	15000	60	40	1,0E-5	26,6
5437	15000	60	50	0,1	96,2
5437	15000	60	50	0,01	86,4
5437	15000	60	50	0,001	72,0
5437	15000	60	50	1,0E-4	27,4
5437	15000	60	50	1,0E-5	29,8
5437	15000	60	60	0,1	83,0
5437	15000	60	60	0,01	90,0
5437	15000	60	60	0,001	65,0
5437	15000	60	60	1,0E-4	23,6
5437	15000	60	60	1,0E-5	29,4
5437	15000	60	70	0,1	90,8
5437	15000	60	70	0,01	86,8
5437	15000	60	70	0,001	57,4
5437	15000	60	70	1,0E-4	23,4
5437	15000	60	70	1,0E-5	31,8
5437	15000	70	5	0,1	99,6
5437	15000	70	5	0,01	99,0
5437	15000	70	5	0,001	95,0
5437	15000	70	5	1,0E-4	82,4
5437	15000	70	5	1,0E-5	68,2
5437	15000	70	10	0,1	91,2
5437	15000	70	10	0,01	98,6
5437	15000	70	10	0,001	79,6
5437	15000	70	10	1,0E-4	72,2
5437	15000	70	10	1,0E-5	46,0
5437	15000	70	15	0,1	97,2
5437	15000	70	15	0,01	93,8
5437	15000	70	15	0,001	77,8
5437	15000	70	15	1,0E-4	54,4
5437	15000	70	15	1,0E-5	28,0
5437	15000	70	20	0,1	93,2
5437	15000	70	20	0,01	89,8
5437	15000	70	20	0,001	74,6
5437	15000	70	20	1,0E-4	46,6
5437	15000	70	20	1,0E-5	35,4
5437	15000	70	25	0,1	85,0
5437	15000	70	25	0,01	90,8
5437	15000	70	25	0,001	69,8
5437	15000	70	25	1,0E-4	37,2
5437	15000	70	25	1,0E-5	39,2
5437	15000	70	30	0,1	98,4
5437	15000	70	30	0,01	91,8
5437	15000	70	30	0,001	68,2
5437	15000	70	30	1,0E-4	32,2
5437	15000	70	30	1,0E-5	25,0
5437	15000	70	40	0,1	86,6
5437	15000	70	40	0,01	73,6
5437	15000	70	40	0,001	71,2
5437	15000	70	40	1,0E-4	27,8
5437	15000	70	40	1,0E-5	27,8
5437	15000	70	50	0,1	93,0
5437	15000	70	50	0,01	73,2
5437	15000	70	50	0,001	71,0
5437	15000	70	50	1,0E-4	26,8
5437	15000	70	50	1,0E-5	31,4
5437	15000	70	60	0,1	92,6
5437	15000	70	60	0,01	85,4
5437	15000	70	60	0,001	66,4
5437	15000	70	60	1,0E-4	26,6
5437	15000	70	60	1,0E-5	26,4
5437	15000	70	70	0,1	88,2
5437	15000	70	70	0,01	86,2
5437	15000	70	70	0,001	65,4
5437	15000	70	70	1,0E-4	25,8
5437	15000	70	70	1,0E-5	25,8
72463	15000	10	5	0,1	58,0
72463	15000	10	5	0,01	55,2
72463	15000	10	5	0,001	47,6
72463	15000	10	5	1,0E-4	40,2
72463	15000	10	5	1,0E-5	46,2
72463	15000	10	10	0,1	55,6
72463	15000	10	10	0,01	54,4
72463	15000	10	10	0,001	41,2
72463	15000	10	10	1,0E-4	37,6
72463	15000	10	10	1,0E-5	34,6
72463	15000	10	15	0,1	55,2
72463	15000	10	15	0,01	52,8
72463	15000	10	15	0,001	37,0
72463	15000	10	15	1,0E-4	33,8
72463	15000	10	15	1,0E-5	36,8
72463	15000	10	20	0,1	56,2
72463	15000	10	20	0,01	48,6
72463	15000	10	20	0,001	35,0
72463	15000	10	20	1,0E-4	33,8
72463	15000	10	20	1,0E-5	41,0
72463	15000	10	25	0,1	54,4
72463	15000	10	25	0,01	44,6
72463	15000	10	25	0,001	38,2
72463	15000	10	25	1,0E-4	30,4
72463	15000	10	25	1,0E-5	30,4
72463	15000	10	30	0,1	55,6
72463	15000	10	30	0,01	50,6
72463	15000	10	30	0,001	34,2
72463	15000	10	30	1,0E-4	30,4
72463	15000	10	30	1,0E-5	34,8
72463	15000	10	40	0,1	52,2
72463	15000	10	40	0,01	47,8
72463	15000	10	40	0,001	35,0
72463	15000	10	40	1,0E-4	35,6
72463	15000	10	40	1,0E-5	40,2
72463	15000	10	50	0,1	55,2
72463	15000	10	50	0,01	38,4
72463	15000	10	50	0,001	34,4
72463	15000	10	50	1,0E-4	39,2
72463	15000	10	50	1,0E-5	37,2
72463	15000	10	60	0,1	52,2
72463	15000	10	60	0,01	41,0
72463	15000	10	60	0,001	34,6
72463	15000	10	60	1,0E-4	34,0
72463	15000	10	60	1,0E-5	33,6
72463	15000	10	70	0,1	51,4
72463	15000	10	70	0,01	41,6
72463	15000	10	70	0,001	34,8
72463	15000	10	70	1,0E-4	31,8
72463	15000	10	70	1,0E-5	32,6
72463	15000	20	5	0,1	57,6
72463	15000	20	5	0,01	56,8
72463	15000	20	5	0,001	49,0
72463	15000	20	5	1,0E-4	43,4
72463	15000	20	5	1,0E-5	42,8
72463	15000	20	10	0,1	56,8
72463	15000	20	10	0,01	50,8
72463	15000	20	10	0,001	34,2
72463	15000	20	10	1,0E-4	41,6
72463	15000	20	10	1,0E-5	37,2
72463	15000	20	15	0,1	50,8
72463	15000	20	15	0,01	49,0
72463	15000	20	15	0,001	37,2
72463	15000	20	15	1,0E-4	39,0
72463	15000	20	15	1,0E-5	34,4
72463	15000	20	20	0,1	54,6
72463	15000	20	20	0,01	48,6
72463	15000	20	20	0,001	36,0
72463	15000	20	20	1,0E-4	32,0
72463	15000	20	20	1,0E-5	35,6
72463	15000	20	25	0,1	53,6
72463	15000	20	25	0,01	45,4
72463	15000	20	25	0,001	40,4
72463	15000	20	25	1,0E-4	32,2
72463	15000	20	25	1,0E-5	39,2
72463	15000	20	30	0,1	53,4
72463	15000	20	30	0,01	49,8
72463	15000	20	30	0,001	34,4
72463	15000	20	30	1,0E-4	30,2
72463	15000	20	30	1,0E-5	37,4
72463	15000	20	40	0,1	53,8
72463	15000	20	40	0,01	40,0
72463	15000	20	40	0,001	37,6
72463	15000	20	40	1,0E-4	34,0
72463	15000	20	40	1,0E-5	32,4
72463	15000	20	50	0,1	55,6
72463	15000	20	50	0,01	41,0
72463	15000	20	50	0,001	34,4
72463	15000	20	50	1,0E-4	37,6
72463	15000	20	50	1,0E-5	33,6
72463	15000	20	60	0,1	47,8
72463	15000	20	60	0,01	45,0
72463	15000	20	60	0,001	35,6
72463	15000	20	60	1,0E-4	35,8
72463	15000	20	60	1,0E-5	36,2
72463	15000	20	70	0,1	51,2
72463	15000	20	70	0,01	49,4
72463	15000	20	70	0,001	34,2
72463	15000	20	70	1,0E-4	34,0
72463	15000	20	70	1,0E-5	30,2
72463	15000	30	5	0,1	58,0
72463	15000	30	5	0,01	53,8
72463	15000	30	5	0,001	49,4
72463	15000	30	5	1,0E-4	44,6
72463	15000	30	5	1,0E-5	42,0
72463	15000	30	10	0,1	56,2
72463	15000	30	10	0,01	50,6
72463	15000	30	10	0,001	45,4
72463	15000	30	10	1,0E-4	37,4
72463	15000	30	10	1,0E-5	36,4
72463	15000	30	15	0,1	54,2
72463	15000	30	15	0,01	53,6
72463	15000	30	15	0,001	44,2
72463	15000	30	15	1,0E-4	40,4
72463	15000	30	15	1,0E-5	35,2
72463	15000	30	20	0,1	52,4
72463	15000	30	20	0,01	47,0
72463	15000	30	20	0,001	35,0
72463	15000	30	20	1,0E-4	34,8
72463	15000	30	20	1,0E-5	30,4
72463	15000	30	25	0,1	51,8
72463	15000	30	25	0,01	42,4
72463	15000	30	25	0,001	40,2
72463	15000	30	25	1,0E-4	37,0
72463	15000	30	25	1,0E-5	32,8
72463	15000	30	30	0,1	51,0
72463	15000	30	30	0,01	45,8
72463	15000	30	30	0,001	34,8
72463	15000	30	30	1,0E-4	33,4
72463	15000	30	30	1,0E-5	36,8
72463	15000	30	40	0,1	50,0
72463	15000	30	40	0,01	41,6
72463	15000	30	40	0,001	33,8
72463	15000	30	40	1,0E-4	34,6
72463	15000	30	40	1,0E-5	37,0
72463	15000	30	50	0,1	54,2
72463	15000	30	50	0,01	49,0
72463	15000	30	50	0,001	36,4
72463	15000	30	50	1,0E-4	30,6
72463	15000	30	50	1,0E-5	33,2
72463	15000	30	60	0,1	54,0
72463	15000	30	60	0,01	41,4
72463	15000	30	60	0,001	37,0
72463	15000	30	60	1,0E-4	38,6
72463	15000	30	60	1,0E-5	32,8
72463	15000	30	70	0,1	54,6
72463	15000	30	70	0,01	38,8
72463	15000	30	70	0,001	35,0
72463	15000	30	70	1,0E-4	36,4
72463	15000	30	70	1,0E-5	29,8
72463	15000	40	5	0,1	55,2
72463	15000	40	5	0,01	52,2
72463	15000	40	5	0,001	43,8
72463	15000	40	5	1,0E-4	48,0
72463	15000	40	5	1,0E-5	39,6
72463	15000	40	10	0,1	51,6
72463	15000	40	10	0,01	54,0
72463	15000	40	10	0,001	40,8
72463	15000	40	10	1,0E-4	41,6
72463	15000	40	10	1,0E-5	36,6
72463	15000	40	15	0,1	54,0
72463	15000	40	15	0,01	47,6
72463	15000	40	15	0,001	38,4
72463	15000	40	15	1,0E-4	37,6
72463	15000	40	15	1,0E-5	33,8
72463	15000	40	20	0,1	52,4
72463	15000	40	20	0,01	46,2
72463	15000	40	20	0,001	35,8
72463	15000	40	20	1,0E-4	36,4
72463	15000	40	20	1,0E-5	34,2
72463	15000	40	25	0,1	53,6
72463	15000	40	25	0,01	45,4
72463	15000	40	25	0,001	34,4
72463	15000	40	25	1,0E-4	34,0
72463	15000	40	25	1,0E-5	32,2
72463	15000	40	30	0,1	50,8
72463	15000	40	30	0,01	44,6
72463	15000	40	30	0,001	40,4
72463	15000	40	30	1,0E-4	36,0
72463	15000	40	30	1,0E-5	28,6
72463	15000	40	40	0,1	53,4
72463	15000	40	40	0,01	43,8
72463	15000	40	40	0,001	37,6
72463	15000	40	40	1,0E-4	31,6
72463	15000	40	40	1,0E-5	31,2
72463	15000	40	50	0,1	55,0
72463	15000	40	50	0,01	39,6
72463	15000	40	50	0,001	33,4
72463	15000	40	50	1,0E-4	31,0
72463	15000	40	50	1,0E-5	36,8
72463	15000	40	60	0,1	52,2
72463	15000	40	60	0,01	43,8
72463	15000	40	60	0,001	38,4
72463	15000	40	60	1,0E-4	36,0
72463	15000	40	60	1,0E-5	33,8
72463	15000	40	70	0,1	46,2
72463	15000	40	70	0,01	35,4
72463	15000	40	70	0,001	31,2
72463	15000	40	70	1,0E-4	31,8
72463	15000	40	70	1,0E-5	36,4
72463	15000	50	5	0,1	53,2
72463	15000	50	5	0,01	53,6
72463	15000	50	5	0,001	47,8
72463	15000	50	5	1,0E-4	46,6
72463	15000	50	5	1,0E-5	42,6
72463	15000	50	10	0,1	51,6
72463	15000	50	10	0,01	52,2
72463	15000	50	10	0,001	36,0
72463	15000	50	10	1,0E-4	41,0
72463	15000	50	10	1,0E-5	40,4
72463	15000	50	15	0,1	53,0
72463	15000	50	15	0,01	47,2
72463	15000	50	15	0,001	31,8
72463	15000	50	15	1,0E-4	35,2
72463	15000	50	15	1,0E-5	40,2
72463	15000	50	20	0,1	55,2
72463	15000	50	20	0,01	47,8
72463	15000	50	20	0,001	36,4
72463	15000	50	20	1,0E-4	38,2
72463	15000	50	20	1,0E-5	29,4
72463	15000	50	25	0,1	52,6
72463	15000	50	25	0,01	42,0
72463	15000	50	25	0,001	38,2
72463	15000	50	25	1,0E-4	35,4
72463	15000	50	25	1,0E-5	32,8
72463	15000	50	30	0,1	46,4
72463	15000	50	30	0,01	43,6
72463	15000	50	30	0,001	38,6
72463	15000	50	30	1,0E-4	34,4
72463	15000	50	30	1,0E-5	34,8
72463	15000	50	40	0,1	44,0
72463	15000	50	40	0,01	43,0
72463	15000	50	40	0,001	37,4
72463	15000	50	40	1,0E-4	31,2
72463	15000	50	40	1,0E-5	34,2
72463	15000	50	50	0,1	46,0
72463	15000	50	50	0,01	42,6
72463	15000	50	50	0,001	38,0
72463	15000	50	50	1,0E-4	34,0
72463	15000	50	50	1,0E-5	31,0
72463	15000	50	60	0,1	52,6
72463	15000	50	60	0,01	43,6
72463	15000	50	60	0,001	40,8
72463	15000	50	60	1,0E-4	35,4
72463	15000	50	60	1,0E-5	33,8
72463	15000	50	70	0,1	51,0
72463	15000	50	70	0,01	45,0
72463	15000	50	70	0,001	38,4
72463	15000	50	70	1,0E-4	32,0
72463	15000	50	70	1,0E-5	32,2
72463	15000	60	5	0,1	56,0
72463	15000	60	5	0,01	56,6
72463	15000	60	5	0,001	47,6
72463	15000	60	5	1,0E-4	40,8
72463	15000	60	5	1,0E-5	39,4
72463	15000	60	10	0,1	54,4
72463	15000	60	10	0,01	51,6
72463	15000	60	10	0,001	37,8
72463	15000	60	10	1,0E-4	40,6
72463	15000	60	10	1,0E-5	37,8
72463	15000	60	15	0,1	46,4
72463	15000	60	15	0,01	52,4
72463	15000	60	15	0,001	35,2
72463	15000	60	15	1,0E-4	33,8
72463	15000	60	15	1,0E-5	30,8
72463	15000	60	20	0,1	55,6
72463	15000	60	20	0,01	47,4
72463	15000	60	20	0,001	33,6
72463	15000	60	20	1,0E-4	39,6
72463	15000	60	20	1,0E-5	29,6
72463	15000	60	25	0,1	49,4
72463	15000	60	25	0,01	47,6
72463	15000	60	25	0,001	34,6
72463	15000	60	25	1,0E-4	35,0
72463	15000	60	25	1,0E-5	30,8
72463	15000	60	30	0,1	47,6
72463	15000	60	30	0,01	40,6
72463	15000	60	30	0,001	30,2
72463	15000	60	30	1,0E-4	30,4
72463	15000	60	30	1,0E-5	40,2
72463	15000	60	40	0,1	49,4
72463	15000	60	40	0,01	41,6
72463	15000	60	40	0,001	37,6
72463	15000	60	40	1,0E-4	34,4
72463	15000	60	40	1,0E-5	31,0
72463	15000	60	50	0,1	51,4
72463	15000	60	50	0,01	42,6
72463	15000	60	50	0,001	33,8
72463	15000	60	50	1,0E-4	37,8
72463	15000	60	50	1,0E-5	35,8
72463	15000	60	60	0,1	47,4
72463	15000	60	60	0,01	44,8
72463	15000	60	60	0,001	34,8
72463	15000	60	60	1,0E-4	34,6
72463	15000	60	60	1,0E-5	30,2
72463	15000	60	70	0,1	46,2
72463	15000	60	70	0,01	42,4
72463	15000	60	70	0,001	38,0
72463	15000	60	70	1,0E-4	31,2
72463	15000	60	70	1,0E-5	36,2
72463	15000	70	5	0,1	55,2
72463	15000	70	5	0,01	57,4
72463	15000	70	5	0,001	49,4
72463	15000	70	5	1,0E-4	43,0
72463	15000	70	5	1,0E-5	45,2
72463	15000	70	10	0,1	53,0
72463	15000	70	10	0,01	51,8
72463	15000	70	10	0,001	40,0
72463	15000	70	10	1,0E-4	40,4
72463	15000	70	10	1,0E-5	35,4
72463	15000	70	15	0,1	52,8
72463	15000	70	15	0,01	47,8
72463	15000	70	15	0,001	38,2
72463	15000	70	15	1,0E-4	28,4
72463	15000	70	15	1,0E-5	36,8
72463	15000	70	20	0,1	43,2
72463	15000	70	20	0,01	45,6
72463	15000	70	20	0,001	36,2
72463	15000	70	20	1,0E-4	34,4
72463	15000	70	20	1,0E-5	31,0
72463	15000	70	25	0,1	53,0
72463	15000	70	25	0,01	43,8
72463	15000	70	25	0,001	33,2
72463	15000	70	25	1,0E-4	33,6
72463	15000	70	25	1,0E-5	32,2
72463	15000	70	30	0,1	48,6
72463	15000	70	30	0,01	45,8
72463	15000	70	30	0,001	33,0
72463	15000	70	30	1,0E-4	38,4
72463	15000	70	30	1,0E-5	36,8
72463	15000	70	40	0,1	47,2
72463	15000	70	40	0,01	41,8
72463	15000	70	40	0,001	35,2
72463	15000	70	40	1,0E-4	30,8
72463	15000	70	40	1,0E-5	29,4
72463	15000	70	50	0,1	49,4
72463	15000	70	50	0,01	37,0
72463	15000	70	50	0,001	31,4
72463	15000	70	50	1,0E-4	36,2
72463	15000	70	50	1,0E-5	33,0
72463	15000	70	60	0,1	50,2
72463	15000	70	60	0,01	42,8
72463	15000	70	60	0,001	31,4
72463	15000	70	60	1,0E-4	32,6
72463	15000	70	60	1,0E-5	33,6
72463	15000	70	70	0,1	45,4
72463	15000	70	70	0,01	42,0
72463	15000	70	70	0,001	38,0
72463	15000	70	70	1,0E-4	39,4
72463	15000	70	70	1,0E-5	32,2
97856	15000	10	5	0,1	86,0
97856	15000	10	5	0,01	83,2
97856	15000	10	5	0,001	78,6
97856	15000	10	5	1,0E-4	67,2
97856	15000	10	5	1,0E-5	59,6
97856	15000	10	10	0,1	84,6
97856	15000	10	10	0,01	81,6
97856	15000	10	10	0,001	69,4
97856	15000	10	10	1,0E-4	54,8
97856	15000	10	10	1,0E-5	44,6
97856	15000	10	15	0,1	79,0
97856	15000	10	15	0,01	81,0
97856	15000	10	15	0,001	52,4
97856	15000	10	15	1,0E-4	46,8
97856	15000	10	15	1,0E-5	37,4
97856	15000	10	20	0,1	82,6
97856	15000	10	20	0,01	76,0
97856	15000	10	20	0,001	60,2
97856	15000	10	20	1,0E-4	45,8
97856	15000	10	20	1,0E-5	37,8
97856	15000	10	25	0,1	82,6
97856	15000	10	25	0,01	73,8
97856	15000	10	25	0,001	56,8
97856	15000	10	25	1,0E-4	45,2
97856	15000	10	25	1,0E-5	38,2
97856	15000	10	30	0,1	77,6
97856	15000	10	30	0,01	79,8
97856	15000	10	30	0,001	58,2
97856	15000	10	30	1,0E-4	38,8
97856	15000	10	30	1,0E-5	41,0
97856	15000	10	40	0,1	80,4
97856	15000	10	40	0,01	69,8
97856	15000	10	40	0,001	58,6
97856	15000	10	40	1,0E-4	35,0
97856	15000	10	40	1,0E-5	35,0
97856	15000	10	50	0,1	79,8
97856	15000	10	50	0,01	71,8
97856	15000	10	50	0,001	58,8
97856	15000	10	50	1,0E-4	37,6
97856	15000	10	50	1,0E-5	42,0
97856	15000	10	60	0,1	83,8
97856	15000	10	60	0,01	69,4
97856	15000	10	60	0,001	53,6
97856	15000	10	60	1,0E-4	37,4
97856	15000	10	60	1,0E-5	41,2
97856	15000	10	70	0,1	82,4
97856	15000	10	70	0,01	65,6
97856	15000	10	70	0,001	57,6
97856	15000	10	70	1,0E-4	38,2
97856	15000	10	70	1,0E-5	37,0
97856	15000	20	5	0,1	83,8
97856	15000	20	5	0,01	83,0
97856	15000	20	5	0,001	78,8
97856	15000	20	5	1,0E-4	71,6
97856	15000	20	5	1,0E-5	59,2
97856	15000	20	10	0,1	82,2
97856	15000	20	10	0,01	81,2
97856	15000	20	10	0,001	68,0
97856	15000	20	10	1,0E-4	58,2
97856	15000	20	10	1,0E-5	39,8
97856	15000	20	15	0,1	76,6
97856	15000	20	15	0,01	76,6
97856	15000	20	15	0,001	66,8
97856	15000	20	15	1,0E-4	48,2
97856	15000	20	15	1,0E-5	42,0
97856	15000	20	20	0,1	79,4
97856	15000	20	20	0,01	79,4
97856	15000	20	20	0,001	58,4
97856	15000	20	20	1,0E-4	42,0
97856	15000	20	20	1,0E-5	38,4
97856	15000	20	25	0,1	79,6
97856	15000	20	25	0,01	73,8
97856	15000	20	25	0,001	56,0
97856	15000	20	25	1,0E-4	37,4
97856	15000	20	25	1,0E-5	37,8
97856	15000	20	30	0,1	82,0
97856	15000	20	30	0,01	75,0
97856	15000	20	30	0,001	47,6
97856	15000	20	30	1,0E-4	39,4
97856	15000	20	30	1,0E-5	36,0
97856	15000	20	40	0,1	83,0
97856	15000	20	40	0,01	68,0
97856	15000	20	40	0,001	58,8
97856	15000	20	40	1,0E-4	39,8
97856	15000	20	40	1,0E-5	36,8
97856	15000	20	50	0,1	76,6
97856	15000	20	50	0,01	70,6
97856	15000	20	50	0,001	62,2
97856	15000	20	50	1,0E-4	37,0
97856	15000	20	50	1,0E-5	37,6
97856	15000	20	60	0,1	72,8
97856	15000	20	60	0,01	65,4
97856	15000	20	60	0,001	55,6
97856	15000	20	60	1,0E-4	44,2
97856	15000	20	60	1,0E-5	37,6
97856	15000	20	70	0,1	81,2
97856	15000	20	70	0,01	58,8
97856	15000	20	70	0,001	57,2
97856	15000	20	70	1,0E-4	38,4
97856	15000	20	70	1,0E-5	43,2
97856	15000	30	5	0,1	84,4
97856	15000	30	5	0,01	79,6
97856	15000	30	5	0,001	77,8
97856	15000	30	5	1,0E-4	67,6
97856	15000	30	5	1,0E-5	56,0
97856	15000	30	10	0,1	85,0
97856	15000	30	10	0,01	80,4
97856	15000	30	10	0,001	68,4
97856	15000	30	10	1,0E-4	56,0
97856	15000	30	10	1,0E-5	40,0
97856	15000	30	15	0,1	82,2
97856	15000	30	15	0,01	76,4
97856	15000	30	15	0,001	66,0
97856	15000	30	15	1,0E-4	43,6
97856	15000	30	15	1,0E-5	40,8
97856	15000	30	20	0,1	83,0
97856	15000	30	20	0,01	75,8
97856	15000	30	20	0,001	58,2
97856	15000	30	20	1,0E-4	41,6
97856	15000	30	20	1,0E-5	35,6
97856	15000	30	25	0,1	77,8
97856	15000	30	25	0,01	77,8
97856	15000	30	25	0,001	57,2
97856	15000	30	25	1,0E-4	40,2
97856	15000	30	25	1,0E-5	36,4
97856	15000	30	30	0,1	76,4
97856	15000	30	30	0,01	71,6
97856	15000	30	30	0,001	56,8
97856	15000	30	30	1,0E-4	42,2
97856	15000	30	30	1,0E-5	34,8
97856	15000	30	40	0,1	73,0
97856	15000	30	40	0,01	68,0
97856	15000	30	40	0,001	61,6
97856	15000	30	40	1,0E-4	37,6
97856	15000	30	40	1,0E-5	35,8
97856	15000	30	50	0,1	74,6
97856	15000	30	50	0,01	73,6
97856	15000	30	50	0,001	50,4
97856	15000	30	50	1,0E-4	36,2
97856	15000	30	50	1,0E-5	36,0
97856	15000	30	60	0,1	70,6
97856	15000	30	60	0,01	68,0
97856	15000	30	60	0,001	63,2
97856	15000	30	60	1,0E-4	37,2
97856	15000	30	60	1,0E-5	37,0
97856	15000	30	70	0,1	79,8
97856	15000	30	70	0,01	66,6
97856	15000	30	70	0,001	43,0
97856	15000	30	70	1,0E-4	38,4
97856	15000	30	70	1,0E-5	34,0
97856	15000	40	5	0,1	84,4
97856	15000	40	5	0,01	82,4
97856	15000	40	5	0,001	78,4
97856	15000	40	5	1,0E-4	67,8
97856	15000	40	5	1,0E-5	59,4
97856	15000	40	10	0,1	83,0
97856	15000	40	10	0,01	78,8
97856	15000	40	10	0,001	66,0
97856	15000	40	10	1,0E-4	57,6
97856	15000	40	10	1,0E-5	44,4
97856	15000	40	15	0,1	80,0
97856	15000	40	15	0,01	70,4
97856	15000	40	15	0,001	65,2
97856	15000	40	15	1,0E-4	49,0
97856	15000	40	15	1,0E-5	42,0
97856	15000	40	20	0,1	81,8
97856	15000	40	20	0,01	78,6
97856	15000	40	20	0,001	58,6
97856	15000	40	20	1,0E-4	46,2
97856	15000	40	20	1,0E-5	37,8
97856	15000	40	25	0,1	79,2
97856	15000	40	25	0,01	65,8
97856	15000	40	25	0,001	55,6
97856	15000	40	25	1,0E-4	46,2
97856	15000	40	25	1,0E-5	41,2
97856	15000	40	30	0,1	79,0
97856	15000	40	30	0,01	72,4
97856	15000	40	30	0,001	62,0
97856	15000	40	30	1,0E-4	37,2
97856	15000	40	30	1,0E-5	37,0
97856	15000	40	40	0,1	76,0
97856	15000	40	40	0,01	67,0
97856	15000	40	40	0,001	56,8
97856	15000	40	40	1,0E-4	38,2
97856	15000	40	40	1,0E-5	41,0
97856	15000	40	50	0,1	77,4
97856	15000	40	50	0,01	65,0
97856	15000	40	50	0,001	52,2
97856	15000	40	50	1,0E-4	35,8
97856	15000	40	50	1,0E-5	34,6
97856	15000	40	60	0,1	76,4
97856	15000	40	60	0,01	68,4
97856	15000	40	60	0,001	59,6
97856	15000	40	60	1,0E-4	36,0
97856	15000	40	60	1,0E-5	35,4
97856	15000	40	70	0,1	75,6
97856	15000	40	70	0,01	68,2
97856	15000	40	70	0,001	43,4
97856	15000	40	70	1,0E-4	40,8
97856	15000	40	70	1,0E-5	34,4
97856	15000	50	5	0,1	83,8
97856	15000	50	5	0,01	84,2
97856	15000	50	5	0,001	77,8
97856	15000	50	5	1,0E-4	67,8
97856	15000	50	5	1,0E-5	57,6
97856	15000	50	10	0,1	78,6
97856	15000	50	10	0,01	82,2
97856	15000	50	10	0,001	68,6
97856	15000	50	10	1,0E-4	55,4
97856	15000	50	10	1,0E-5	45,6
97856	15000	50	15	0,1	76,2
97856	15000	50	15	0,01	79,6
97856	15000	50	15	0,001	58,0
97856	15000	50	15	1,0E-4	44,8
97856	15000	50	15	1,0E-5	39,4
97856	15000	50	20	0,1	79,8
97856	15000	50	20	0,01	69,8
97856	15000	50	20	0,001	62,6
97856	15000	50	20	1,0E-4	47,2
97856	15000	50	20	1,0E-5	38,2
97856	15000	50	25	0,1	70,4
97856	15000	50	25	0,01	74,4
97856	15000	50	25	0,001	50,8
97856	15000	50	25	1,0E-4	37,4
97856	15000	50	25	1,0E-5	35,4
97856	15000	50	30	0,1	75,8
97856	15000	50	30	0,01	63,0
97856	15000	50	30	0,001	63,4
97856	15000	50	30	1,0E-4	39,6
97856	15000	50	30	1,0E-5	36,6
97856	15000	50	40	0,1	76,2
97856	15000	50	40	0,01	74,2
97856	15000	50	40	0,001	56,8
97856	15000	50	40	1,0E-4	39,6
97856	15000	50	40	1,0E-5	41,2
97856	15000	50	50	0,1	71,0
97856	15000	50	50	0,01	74,8
97856	15000	50	50	0,001	62,6
97856	15000	50	50	1,0E-4	36,6
97856	15000	50	50	1,0E-5	35,8
97856	15000	50	60	0,1	71,0
97856	15000	50	60	0,01	58,6
97856	15000	50	60	0,001	61,0
97856	15000	50	60	1,0E-4	40,4
97856	15000	50	60	1,0E-5	34,0
97856	15000	50	70	0,1	76,6
97856	15000	50	70	0,01	62,6
97856	15000	50	70	0,001	55,0
97856	15000	50	70	1,0E-4	43,2
97856	15000	50	70	1,0E-5	36,0
97856	15000	60	5	0,1	82,0
97856	15000	60	5	0,01	80,2
97856	15000	60	5	0,001	77,6
97856	15000	60	5	1,0E-4	72,6
97856	15000	60	5	1,0E-5	58,4
97856	15000	60	10	0,1	78,8
97856	15000	60	10	0,01	78,2
97856	15000	60	10	0,001	67,8
97856	15000	60	10	1,0E-4	50,0
97856	15000	60	10	1,0E-5	51,4
97856	15000	60	15	0,1	78,4
97856	15000	60	15	0,01	70,8
97856	15000	60	15	0,001	58,8
97856	15000	60	15	1,0E-4	52,0
97856	15000	60	15	1,0E-5	35,6
97856	15000	60	20	0,1	80,4
97856	15000	60	20	0,01	72,8
97856	15000	60	20	0,001	67,2
97856	15000	60	20	1,0E-4	40,2
97856	15000	60	20	1,0E-5	34,4
97856	15000	60	25	0,1	77,2
97856	15000	60	25	0,01	70,0
97856	15000	60	25	0,001	51,6
97856	15000	60	25	1,0E-4	42,6
97856	15000	60	25	1,0E-5	37,2
97856	15000	60	30	0,1	72,0
97856	15000	60	30	0,01	66,6
97856	15000	60	30	0,001	64,8
97856	15000	60	30	1,0E-4	40,8
97856	15000	60	30	1,0E-5	40,2
97856	15000	60	40	0,1	73,0
97856	15000	60	40	0,01	69,6
97856	15000	60	40	0,001	58,6
97856	15000	60	40	1,0E-4	37,4
97856	15000	60	40	1,0E-5	35,4
97856	15000	60	50	0,1	73,2
97856	15000	60	50	0,01	68,0
97856	15000	60	50	0,001	52,4
97856	15000	60	50	1,0E-4	39,4
97856	15000	60	50	1,0E-5	34,2
97856	15000	60	60	0,1	71,2
97856	15000	60	60	0,01	72,0
97856	15000	60	60	0,001	57,0
97856	15000	60	60	1,0E-4	36,2
97856	15000	60	60	1,0E-5	37,4
97856	15000	60	70	0,1	76,8
97856	15000	60	70	0,01	65,2
97856	15000	60	70	0,001	59,8
97856	15000	60	70	1,0E-4	37,6
97856	15000	60	70	1,0E-5	39,0
97856	15000	70	5	0,1	83,6
97856	15000	70	5	0,01	80,8
97856	15000	70	5	0,001	80,2
97856	15000	70	5	1,0E-4	67,6
97856	15000	70	5	1,0E-5	59,0
97856	15000	70	10	0,1	77,6
97856	15000	70	10	0,01	77,2
97856	15000	70	10	0,001	66,6
97856	15000	70	10	1,0E-4	59,0
97856	15000	70	10	1,0E-5	46,8
97856	15000	70	15	0,1	76,8
97856	15000	70	15	0,01	79,2
97856	15000	70	15	0,001	64,0
97856	15000	70	15	1,0E-4	52,4
97856	15000	70	15	1,0E-5	40,0
97856	15000	70	20	0,1	75,0
97856	15000	70	20	0,01	74,4
97856	15000	70	20	0,001	60,6
97856	15000	70	20	1,0E-4	41,2
97856	15000	70	20	1,0E-5	43,6
97856	15000	70	25	0,1	74,2
97856	15000	70	25	0,01	68,0
97856	15000	70	25	0,001	62,2
97856	15000	70	25	1,0E-4	40,2
97856	15000	70	25	1,0E-5	41,2
97856	15000	70	30	0,1	73,4
97856	15000	70	30	0,01	73,4
97856	15000	70	30	0,001	57,4
97856	15000	70	30	1,0E-4	39,6
97856	15000	70	30	1,0E-5	41,2
97856	15000	70	40	0,1	71,6
97856	15000	70	40	0,01	63,2
97856	15000	70	40	0,001	58,4
97856	15000	70	40	1,0E-4	37,8
97856	15000	70	40	1,0E-5	45,2
97856	15000	70	50	0,1	72,2
97856	15000	70	50	0,01	71,8
97856	15000	70	50	0,001	61,2
97856	15000	70	50	1,0E-4	38,4
97856	15000	70	50	1,0E-5	41,6
97856	15000	70	60	0,1	73,2
97856	15000	70	60	0,01	64,8
97856	15000	70	60	0,001	65,2
97856	15000	70	60	1,0E-4	41,6
97856	15000	70	60	1,0E-5	38,8
97856	15000	70	70	0,1	70,6
97856	15000	70	70	0,01	71,0
97856	15000	70	70	0,001	51,0
97856	15000	70	70	1,0E-4	40,0
97856	15000	70	70	1,0E-5	35,6
7105	15000	10	5	0,1	72,0
7105	15000	10	5	0,01	68,0
7105	15000	10	5	0,001	64,0
7105	15000	10	5	1,0E-4	55,6
7105	15000	10	5	1,0E-5	51,6
7105	15000	10	10	0,1	72,0
7105	15000	10	10	0,01	63,8
7105	15000	10	10	0,001	63,6
7105	15000	10	10	1,0E-4	49,2
7105	15000	10	10	1,0E-5	37,4
7105	15000	10	15	0,1	66,2
7105	15000	10	15	0,01	63,8
7105	15000	10	15	0,001	50,0
7105	15000	10	15	1,0E-4	40,8
7105	15000	10	15	1,0E-5	38,2
7105	15000	10	20	0,1	68,6
7105	15000	10	20	0,01	60,4
7105	15000	10	20	0,001	45,2
7105	15000	10	20	1,0E-4	31,4
7105	15000	10	20	1,0E-5	31,0
7105	15000	10	25	0,1	70,6
7105	15000	10	25	0,01	60,8
7105	15000	10	25	0,001	45,4
7105	15000	10	25	1,0E-4	34,0
7105	15000	10	25	1,0E-5	36,2
7105	15000	10	30	0,1	66,6
7105	15000	10	30	0,01	52,6
7105	15000	10	30	0,001	45,4
7105	15000	10	30	1,0E-4	27,0
7105	15000	10	30	1,0E-5	33,4
7105	15000	10	40	0,1	68,2
7105	15000	10	40	0,01	55,6
7105	15000	10	40	0,001	49,2
7105	15000	10	40	1,0E-4	33,0
7105	15000	10	40	1,0E-5	37,8
7105	15000	10	50	0,1	61,8
7105	15000	10	50	0,01	58,4
7105	15000	10	50	0,001	42,6
7105	15000	10	50	1,0E-4	28,2
7105	15000	10	50	1,0E-5	31,0
7105	15000	10	60	0,1	63,4
7105	15000	10	60	0,01	58,6
7105	15000	10	60	0,001	41,2
7105	15000	10	60	1,0E-4	30,6
7105	15000	10	60	1,0E-5	33,0
7105	15000	10	70	0,1	63,6
7105	15000	10	70	0,01	58,0
7105	15000	10	70	0,001	47,2
7105	15000	10	70	1,0E-4	28,6
7105	15000	10	70	1,0E-5	29,2
7105	15000	20	5	0,1	71,2
7105	15000	20	5	0,01	67,4
7105	15000	20	5	0,001	60,6
7105	15000	20	5	1,0E-4	57,6
7105	15000	20	5	1,0E-5	45,2
7105	15000	20	10	0,1	70,8
7105	15000	20	10	0,01	63,4
7105	15000	20	10	0,001	49,8
7105	15000	20	10	1,0E-4	44,4
7105	15000	20	10	1,0E-5	42,6
7105	15000	20	15	0,1	66,8
7105	15000	20	15	0,01	65,2
7105	15000	20	15	0,001	47,8
7105	15000	20	15	1,0E-4	38,2
7105	15000	20	15	1,0E-5	34,6
7105	15000	20	20	0,1	67,8
7105	15000	20	20	0,01	63,2
7105	15000	20	20	0,001	54,2
7105	15000	20	20	1,0E-4	39,6
7105	15000	20	20	1,0E-5	29,0
7105	15000	20	25	0,1	68,0
7105	15000	20	25	0,01	63,6
7105	15000	20	25	0,001	39,0
7105	15000	20	25	1,0E-4	24,6
7105	15000	20	25	1,0E-5	33,6
7105	15000	20	30	0,1	65,6
7105	15000	20	30	0,01	49,4
7105	15000	20	30	0,001	44,0
7105	15000	20	30	1,0E-4	42,6
7105	15000	20	30	1,0E-5	44,2
7105	15000	20	40	0,1	64,2
7105	15000	20	40	0,01	57,6
7105	15000	20	40	0,001	40,4
7105	15000	20	40	1,0E-4	34,0
7105	15000	20	40	1,0E-5	39,4
7105	15000	20	50	0,1	63,6
7105	15000	20	50	0,01	60,2
7105	15000	20	50	0,001	39,4
7105	15000	20	50	1,0E-4	36,6
7105	15000	20	50	1,0E-5	31,2
7105	15000	20	60	0,1	63,4
7105	15000	20	60	0,01	60,2
7105	15000	20	60	0,001	49,4
7105	15000	20	60	1,0E-4	28,6
7105	15000	20	60	1,0E-5	28,6
7105	15000	20	70	0,1	70,4
7105	15000	20	70	0,01	54,6
7105	15000	20	70	0,001	42,2
7105	15000	20	70	1,0E-4	28,8
7105	15000	20	70	1,0E-5	35,0
7105	15000	30	5	0,1	69,4
7105	15000	30	5	0,01	66,2
7105	15000	30	5	0,001	60,0
7105	15000	30	5	1,0E-4	56,4
7105	15000	30	5	1,0E-5	52,8
7105	15000	30	10	0,1	67,2
7105	15000	30	10	0,01	59,4
7105	15000	30	10	0,001	53,8
7105	15000	30	10	1,0E-4	42,4
7105	15000	30	10	1,0E-5	41,0
7105	15000	30	15	0,1	66,6
7105	15000	30	15	0,01	60,4
7105	15000	30	15	0,001	53,2
7105	15000	30	15	1,0E-4	38,6
7105	15000	30	15	1,0E-5	35,2
7105	15000	30	20	0,1	67,0
7105	15000	30	20	0,01	58,6
7105	15000	30	20	0,001	50,8
7105	15000	30	20	1,0E-4	30,6
7105	15000	30	20	1,0E-5	36,2
7105	15000	30	25	0,1	67,4
7105	15000	30	25	0,01	57,8
7105	15000	30	25	0,001	50,0
7105	15000	30	25	1,0E-4	38,8
7105	15000	30	25	1,0E-5	34,8
7105	15000	30	30	0,1	63,8
7105	15000	30	30	0,01	62,6
7105	15000	30	30	0,001	49,4
7105	15000	30	30	1,0E-4	37,4
7105	15000	30	30	1,0E-5	32,0
7105	15000	30	40	0,1	66,8
7105	15000	30	40	0,01	61,2
7105	15000	30	40	0,001	43,2
7105	15000	30	40	1,0E-4	33,8
7105	15000	30	40	1,0E-5	25,0
7105	15000	30	50	0,1	68,8
7105	15000	30	50	0,01	56,4
7105	15000	30	50	0,001	48,8
7105	15000	30	50	1,0E-4	32,8
7105	15000	30	50	1,0E-5	33,2
7105	15000	30	60	0,1	66,0
7105	15000	30	60	0,01	56,8
7105	15000	30	60	0,001	41,4
7105	15000	30	60	1,0E-4	37,4
7105	15000	30	60	1,0E-5	28,2
7105	15000	30	70	0,1	68,0
7105	15000	30	70	0,01	55,6
7105	15000	30	70	0,001	46,4
7105	15000	30	70	1,0E-4	26,8
7105	15000	30	70	1,0E-5	34,4
7105	15000	40	5	0,1	67,6
7105	15000	40	5	0,01	69,0
7105	15000	40	5	0,001	62,4
7105	15000	40	5	1,0E-4	53,8
7105	15000	40	5	1,0E-5	55,4
7105	15000	40	10	0,1	66,8
7105	15000	40	10	0,01	61,0
7105	15000	40	10	0,001	57,6
7105	15000	40	10	1,0E-4	43,8
7105	15000	40	10	1,0E-5	40,8
7105	15000	40	15	0,1	62,6
7105	15000	40	15	0,01	61,4
7105	15000	40	15	0,001	50,4
7105	15000	40	15	1,0E-4	38,0
7105	15000	40	15	1,0E-5	33,2
7105	15000	40	20	0,1	65,2
7105	15000	40	20	0,01	63,8
7105	15000	40	20	0,001	47,6
7105	15000	40	20	1,0E-4	37,2
7105	15000	40	20	1,0E-5	30,4
7105	15000	40	25	0,1	63,8
7105	15000	40	25	0,01	54,8
7105	15000	40	25	0,001	46,8
7105	15000	40	25	1,0E-4	36,4
7105	15000	40	25	1,0E-5	33,8
7105	15000	40	30	0,1	64,4
7105	15000	40	30	0,01	56,0
7105	15000	40	30	0,001	45,6
7105	15000	40	30	1,0E-4	33,4
7105	15000	40	30	1,0E-5	33,2
7105	15000	40	40	0,1	62,8
7105	15000	40	40	0,01	56,0
7105	15000	40	40	0,001	42,4
7105	15000	40	40	1,0E-4	30,4
7105	15000	40	40	1,0E-5	31,2
7105	15000	40	50	0,1	65,2
7105	15000	40	50	0,01	53,2
7105	15000	40	50	0,001	44,8
7105	15000	40	50	1,0E-4	37,2
7105	15000	40	50	1,0E-5	30,0
7105	15000	40	60	0,1	60,4
7105	15000	40	60	0,01	58,8
7105	15000	40	60	0,001	47,8
7105	15000	40	60	1,0E-4	27,6
7105	15000	40	60	1,0E-5	31,4
7105	15000	40	70	0,1	67,2
7105	15000	40	70	0,01	53,8
7105	15000	40	70	0,001	43,8
7105	15000	40	70	1,0E-4	29,8
7105	15000	40	70	1,0E-5	37,8
7105	15000	50	5	0,1	70,2
7105	15000	50	5	0,01	66,6
7105	15000	50	5	0,001	65,8
7105	15000	50	5	1,0E-4	58,4
7105	15000	50	5	1,0E-5	50,8
7105	15000	50	10	0,1	59,4
7105	15000	50	10	0,01	67,6
7105	15000	50	10	0,001	53,8
7105	15000	50	10	1,0E-4	39,8
7105	15000	50	10	1,0E-5	35,2
7105	15000	50	15	0,1	68,4
7105	15000	50	15	0,01	62,2
7105	15000	50	15	0,001	51,4
7105	15000	50	15	1,0E-4	35,4
7105	15000	50	15	1,0E-5	42,8
7105	15000	50	20	0,1	66,0
7105	15000	50	20	0,01	60,4
7105	15000	50	20	0,001	50,4
7105	15000	50	20	1,0E-4	47,2
7105	15000	50	20	1,0E-5	30,4
7105	15000	50	25	0,1	64,8
7105	15000	50	25	0,01	61,4
7105	15000	50	25	0,001	47,2
7105	15000	50	25	1,0E-4	31,2
7105	15000	50	25	1,0E-5	29,6
7105	15000	50	30	0,1	65,6
7105	15000	50	30	0,01	62,8
7105	15000	50	30	0,001	35,4
7105	15000	50	30	1,0E-4	29,2
7105	15000	50	30	1,0E-5	36,4
7105	15000	50	40	0,1	62,8
7105	15000	50	40	0,01	59,2
7105	15000	50	40	0,001	50,2
7105	15000	50	40	1,0E-4	35,2
7105	15000	50	40	1,0E-5	37,4
7105	15000	50	50	0,1	58,8
7105	15000	50	50	0,01	65,2
7105	15000	50	50	0,001	47,6
7105	15000	50	50	1,0E-4	30,8
7105	15000	50	50	1,0E-5	31,2
7105	15000	50	60	0,1	58,6
7105	15000	50	60	0,01	54,0
7105	15000	50	60	0,001	41,2
7105	15000	50	60	1,0E-4	33,2
7105	15000	50	60	1,0E-5	32,2
7105	15000	50	70	0,1	58,8
7105	15000	50	70	0,01	54,8
7105	15000	50	70	0,001	44,0
7105	15000	50	70	1,0E-4	28,4
7105	15000	50	70	1,0E-5	32,4
7105	15000	60	5	0,1	69,8
7105	15000	60	5	0,01	68,8
7105	15000	60	5	0,001	65,6
7105	15000	60	5	1,0E-4	53,0
7105	15000	60	5	1,0E-5	54,2
7105	15000	60	10	0,1	63,0
7105	15000	60	10	0,01	67,0
7105	15000	60	10	0,001	50,8
7105	15000	60	10	1,0E-4	39,4
7105	15000	60	10	1,0E-5	38,6
7105	15000	60	15	0,1	59,4
7105	15000	60	15	0,01	67,8
7105	15000	60	15	0,001	51,2
7105	15000	60	15	1,0E-4	39,0
7105	15000	60	15	1,0E-5	36,2
7105	15000	60	20	0,1	65,8
7105	15000	60	20	0,01	58,0
7105	15000	60	20	0,001	49,2
7105	15000	60	20	1,0E-4	33,6
7105	15000	60	20	1,0E-5	27,0
7105	15000	60	25	0,1	65,0
7105	15000	60	25	0,01	56,0
7105	15000	60	25	0,001	55,0
7105	15000	60	25	1,0E-4	33,6
7105	15000	60	25	1,0E-5	29,6
7105	15000	60	30	0,1	61,8
7105	15000	60	30	0,01	66,0
7105	15000	60	30	0,001	46,0
7105	15000	60	30	1,0E-4	34,2
7105	15000	60	30	1,0E-5	42,6
7105	15000	60	40	0,1	62,6
7105	15000	60	40	0,01	57,8
7105	15000	60	40	0,001	46,8
7105	15000	60	40	1,0E-4	24,8
7105	15000	60	40	1,0E-5	28,6
7105	15000	60	50	0,1	61,8
7105	15000	60	50	0,01	56,2
7105	15000	60	50	0,001	42,4
7105	15000	60	50	1,0E-4	35,6
7105	15000	60	50	1,0E-5	29,2
7105	15000	60	60	0,1	59,0
7105	15000	60	60	0,01	56,0
7105	15000	60	60	0,001	46,2
7105	15000	60	60	1,0E-4	26,8
7105	15000	60	60	1,0E-5	25,2
7105	15000	60	70	0,1	56,8
7105	15000	60	70	0,01	49,6
7105	15000	60	70	0,001	46,8
7105	15000	60	70	1,0E-4	28,0
7105	15000	60	70	1,0E-5	28,6
7105	15000	70	5	0,1	67,4
7105	15000	70	5	0,01	70,6
7105	15000	70	5	0,001	67,4
7105	15000	70	5	1,0E-4	60,0
7105	15000	70	5	1,0E-5	45,8
7105	15000	70	10	0,1	62,2
7105	15000	70	10	0,01	62,4
7105	15000	70	10	0,001	45,6
7105	15000	70	10	1,0E-4	43,0
7105	15000	70	10	1,0E-5	39,0
7105	15000	70	15	0,1	63,6
7105	15000	70	15	0,01	60,2
7105	15000	70	15	0,001	47,6
7105	15000	70	15	1,0E-4	40,8
7105	15000	70	15	1,0E-5	27,4
7105	15000	70	20	0,1	62,4
7105	15000	70	20	0,01	61,0
7105	15000	70	20	0,001	40,0
7105	15000	70	20	1,0E-4	30,4
7105	15000	70	20	1,0E-5	32,8
7105	15000	70	25	0,1	60,4
7105	15000	70	25	0,01	63,0
7105	15000	70	25	0,001	42,8
7105	15000	70	25	1,0E-4	37,0
7105	15000	70	25	1,0E-5	36,4
7105	15000	70	30	0,1	65,8
7105	15000	70	30	0,01	52,0
7105	15000	70	30	0,001	48,0
7105	15000	70	30	1,0E-4	35,0
7105	15000	70	30	1,0E-5	42,2
7105	15000	70	40	0,1	51,8
7105	15000	70	40	0,01	53,6
7105	15000	70	40	0,001	48,6
7105	15000	70	40	1,0E-4	38,8
7105	15000	70	40	1,0E-5	27,2
7105	15000	70	50	0,1	59,4
7105	15000	70	50	0,01	49,8
7105	15000	70	50	0,001	42,2
7105	15000	70	50	1,0E-4	39,4
7105	15000	70	50	1,0E-5	27,2
7105	15000	70	60	0,1	56,8
7105	15000	70	60	0,01	49,8
7105	15000	70	60	0,001	49,4
7105	15000	70	60	1,0E-4	31,2
7105	15000	70	60	1,0E-5	31,2
7105	15000	70	70	0,1	50,8
7105	15000	70	70	0,01	51,0
7105	15000	70	70	0,001	37,8
7105	15000	70	70	1,0E-4	21,0
7105	15000	70	70	1,0E-5	40,0
3189	15000	10	5	0,1	95,0
3189	15000	10	5	0,01	95,4
3189	15000	10	5	0,001	93,6
3189	15000	10	5	1,0E-4	86,0
3189	15000	10	5	1,0E-5	78,6
3189	15000	10	10	0,1	92,8
3189	15000	10	10	0,01	92,2
3189	15000	10	10	0,001	87,0
3189	15000	10	10	1,0E-4	70,8
3189	15000	10	10	1,0E-5	51,6
3189	15000	10	15	0,1	93,4
3189	15000	10	15	0,01	89,4
3189	15000	10	15	0,001	79,2
3189	15000	10	15	1,0E-4	67,2
3189	15000	10	15	1,0E-5	55,0
3189	15000	10	20	0,1	91,2
3189	15000	10	20	0,01	87,0
3189	15000	10	20	0,001	75,0
3189	15000	10	20	1,0E-4	51,2
3189	15000	10	20	1,0E-5	47,8
3189	15000	10	25	0,1	92,6
3189	15000	10	25	0,01	86,0
3189	15000	10	25	0,001	72,8
3189	15000	10	25	1,0E-4	50,2
3189	15000	10	25	1,0E-5	42,6
3189	15000	10	30	0,1	89,2
3189	15000	10	30	0,01	85,2
3189	15000	10	30	0,001	66,0
3189	15000	10	30	1,0E-4	53,2
3189	15000	10	30	1,0E-5	56,6
3189	15000	10	40	0,1	88,6
3189	15000	10	40	0,01	83,4
3189	15000	10	40	0,001	76,4
3189	15000	10	40	1,0E-4	47,8
3189	15000	10	40	1,0E-5	53,4
3189	15000	10	50	0,1	90,4
3189	15000	10	50	0,01	81,4
3189	15000	10	50	0,001	67,2
3189	15000	10	50	1,0E-4	48,6
3189	15000	10	50	1,0E-5	51,0
3189	15000	10	60	0,1	89,6
3189	15000	10	60	0,01	72,0
3189	15000	10	60	0,001	58,8
3189	15000	10	60	1,0E-4	42,6
3189	15000	10	60	1,0E-5	43,8
3189	15000	10	70	0,1	86,6
3189	15000	10	70	0,01	76,8
3189	15000	10	70	0,001	63,6
3189	15000	10	70	1,0E-4	44,0
3189	15000	10	70	1,0E-5	47,4
3189	15000	20	5	0,1	96,0
3189	15000	20	5	0,01	95,2
3189	15000	20	5	0,001	89,4
3189	15000	20	5	1,0E-4	81,4
3189	15000	20	5	1,0E-5	75,4
3189	15000	20	10	0,1	89,6
3189	15000	20	10	0,01	93,8
3189	15000	20	10	0,001	85,2
3189	15000	20	10	1,0E-4	71,0
3189	15000	20	10	1,0E-5	49,6
3189	15000	20	15	0,1	95,4
3189	15000	20	15	0,01	88,8
3189	15000	20	15	0,001	79,6
3189	15000	20	15	1,0E-4	60,0
3189	15000	20	15	1,0E-5	47,6
3189	15000	20	20	0,1	87,2
3189	15000	20	20	0,01	88,4
3189	15000	20	20	0,001	66,2
3189	15000	20	20	1,0E-4	48,4
3189	15000	20	20	1,0E-5	45,8
3189	15000	20	25	0,1	90,0
3189	15000	20	25	0,01	86,6
3189	15000	20	25	0,001	79,2
3189	15000	20	25	1,0E-4	55,6
3189	15000	20	25	1,0E-5	48,2
3189	15000	20	30	0,1	86,8
3189	15000	20	30	0,01	87,4
3189	15000	20	30	0,001	73,8
3189	15000	20	30	1,0E-4	46,6
3189	15000	20	30	1,0E-5	51,6
3189	15000	20	40	0,1	90,0
3189	15000	20	40	0,01	81,8
3189	15000	20	40	0,001	76,4
3189	15000	20	40	1,0E-4	42,0
3189	15000	20	40	1,0E-5	50,2
3189	15000	20	50	0,1	90,8
3189	15000	20	50	0,01	78,2
3189	15000	20	50	0,001	72,0
3189	15000	20	50	1,0E-4	46,4
3189	15000	20	50	1,0E-5	52,4
3189	15000	20	60	0,1	81,8
3189	15000	20	60	0,01	79,8
3189	15000	20	60	0,001	69,2
3189	15000	20	60	1,0E-4	44,2
3189	15000	20	60	1,0E-5	55,8
3189	15000	20	70	0,1	83,8
3189	15000	20	70	0,01	76,6
3189	15000	20	70	0,001	68,6
3189	15000	20	70	1,0E-4	45,4
3189	15000	20	70	1,0E-5	47,0
3189	15000	30	5	0,1	91,8
3189	15000	30	5	0,01	95,0
3189	15000	30	5	0,001	88,6
3189	15000	30	5	1,0E-4	79,2
3189	15000	30	5	1,0E-5	71,0
3189	15000	30	10	0,1	93,2
3189	15000	30	10	0,01	90,4
3189	15000	30	10	0,001	83,6
3189	15000	30	10	1,0E-4	65,2
3189	15000	30	10	1,0E-5	63,2
3189	15000	30	15	0,1	92,6
3189	15000	30	15	0,01	86,2
3189	15000	30	15	0,001	78,2
3189	15000	30	15	1,0E-4	62,2
3189	15000	30	15	1,0E-5	47,6
3189	15000	30	20	0,1	88,8
3189	15000	30	20	0,01	84,4
3189	15000	30	20	0,001	74,4
3189	15000	30	20	1,0E-4	49,6
3189	15000	30	20	1,0E-5	46,8
3189	15000	30	25	0,1	89,8
3189	15000	30	25	0,01	84,2
3189	15000	30	25	0,001	77,6
3189	15000	30	25	1,0E-4	55,8
3189	15000	30	25	1,0E-5	50,8
3189	15000	30	30	0,1	91,6
3189	15000	30	30	0,01	83,6
3189	15000	30	30	0,001	76,8
3189	15000	30	30	1,0E-4	51,6
3189	15000	30	30	1,0E-5	45,4
3189	15000	30	40	0,1	92,2
3189	15000	30	40	0,01	81,0
3189	15000	30	40	0,001	69,4
3189	15000	30	40	1,0E-4	49,6
3189	15000	30	40	1,0E-5	41,0
3189	15000	30	50	0,1	85,6
3189	15000	30	50	0,01	85,8
3189	15000	30	50	0,001	64,2
3189	15000	30	50	1,0E-4	53,6
3189	15000	30	50	1,0E-5	46,0
3189	15000	30	60	0,1	88,6
3189	15000	30	60	0,01	73,0
3189	15000	30	60	0,001	71,6
3189	15000	30	60	1,0E-4	50,2
3189	15000	30	60	1,0E-5	47,2
3189	15000	30	70	0,1	81,2
3189	15000	30	70	0,01	74,0
3189	15000	30	70	0,001	72,6
3189	15000	30	70	1,0E-4	51,0
3189	15000	30	70	1,0E-5	45,4
3189	15000	40	5	0,1	94,2
3189	15000	40	5	0,01	93,2
3189	15000	40	5	0,001	92,8
3189	15000	40	5	1,0E-4	81,4
3189	15000	40	5	1,0E-5	76,6
3189	15000	40	10	0,1	92,2
3189	15000	40	10	0,01	94,2
3189	15000	40	10	0,001	76,2
3189	15000	40	10	1,0E-4	66,0
3189	15000	40	10	1,0E-5	66,6
3189	15000	40	15	0,1	86,2
3189	15000	40	15	0,01	88,4
3189	15000	40	15	0,001	75,4
3189	15000	40	15	1,0E-4	60,4
3189	15000	40	15	1,0E-5	48,6
3189	15000	40	20	0,1	84,2
3189	15000	40	20	0,01	81,2
3189	15000	40	20	0,001	72,4
3189	15000	40	20	1,0E-4	61,8
3189	15000	40	20	1,0E-5	49,2
3189	15000	40	25	0,1	87,6
3189	15000	40	25	0,01	81,8
3189	15000	40	25	0,001	70,6
3189	15000	40	25	1,0E-4	48,2
3189	15000	40	25	1,0E-5	46,4
3189	15000	40	30	0,1	87,2
3189	15000	40	30	0,01	81,6
3189	15000	40	30	0,001	67,0
3189	15000	40	30	1,0E-4	46,4
3189	15000	40	30	1,0E-5	45,4
3189	15000	40	40	0,1	85,0
3189	15000	40	40	0,01	82,2
3189	15000	40	40	0,001	71,4
3189	15000	40	40	1,0E-4	47,4
3189	15000	40	40	1,0E-5	50,0
3189	15000	40	50	0,1	84,4
3189	15000	40	50	0,01	74,4
3189	15000	40	50	0,001	71,6
3189	15000	40	50	1,0E-4	50,2
3189	15000	40	50	1,0E-5	47,8
3189	15000	40	60	0,1	74,0
3189	15000	40	60	0,01	82,8
3189	15000	40	60	0,001	68,8
3189	15000	40	60	1,0E-4	51,4
3189	15000	40	60	1,0E-5	48,8
3189	15000	40	70	0,1	83,2
3189	15000	40	70	0,01	85,2
3189	15000	40	70	0,001	62,0
3189	15000	40	70	1,0E-4	50,4
3189	15000	40	70	1,0E-5	46,6
3189	15000	50	5	0,1	96,0
3189	15000	50	5	0,01	96,0
3189	15000	50	5	0,001	90,0
3189	15000	50	5	1,0E-4	84,0
3189	15000	50	5	1,0E-5	73,2
3189	15000	50	10	0,1	88,0
3189	15000	50	10	0,01	89,8
3189	15000	50	10	0,001	85,8
3189	15000	50	10	1,0E-4	62,0
3189	15000	50	10	1,0E-5	60,2
3189	15000	50	15	0,1	89,0
3189	15000	50	15	0,01	90,0
3189	15000	50	15	0,001	79,0
3189	15000	50	15	1,0E-4	60,2
3189	15000	50	15	1,0E-5	52,8
3189	15000	50	20	0,1	88,6
3189	15000	50	20	0,01	85,6
3189	15000	50	20	0,001	75,6
3189	15000	50	20	1,0E-4	56,0
3189	15000	50	20	1,0E-5	50,4
3189	15000	50	25	0,1	89,2
3189	15000	50	25	0,01	83,8
3189	15000	50	25	0,001	71,8
3189	15000	50	25	1,0E-4	48,6
3189	15000	50	25	1,0E-5	48,0
3189	15000	50	30	0,1	81,8
3189	15000	50	30	0,01	84,4
3189	15000	50	30	0,001	71,8
3189	15000	50	30	1,0E-4	55,4
3189	15000	50	30	1,0E-5	45,6
3189	15000	50	40	0,1	84,0
3189	15000	50	40	0,01	79,2
3189	15000	50	40	0,001	60,4
3189	15000	50	40	1,0E-4	52,2
3189	15000	50	40	1,0E-5	44,4
3189	15000	50	50	0,1	79,4
3189	15000	50	50	0,01	78,6
3189	15000	50	50	0,001	72,2
3189	15000	50	50	1,0E-4	50,0
3189	15000	50	50	1,0E-5	44,0
3189	15000	50	60	0,1	86,4
3189	15000	50	60	0,01	81,6
3189	15000	50	60	0,001	65,2
3189	15000	50	60	1,0E-4	49,0
3189	15000	50	60	1,0E-5	44,0
3189	15000	50	70	0,1	85,6
3189	15000	50	70	0,01	82,0
3189	15000	50	70	0,001	70,2
3189	15000	50	70	1,0E-4	50,0
3189	15000	50	70	1,0E-5	51,2
3189	15000	60	5	0,1	93,8
3189	15000	60	5	0,01	95,8
3189	15000	60	5	0,001	92,2
3189	15000	60	5	1,0E-4	84,0
3189	15000	60	5	1,0E-5	73,6
3189	15000	60	10	0,1	89,0
3189	15000	60	10	0,01	87,4
3189	15000	60	10	0,001	81,4
3189	15000	60	10	1,0E-4	66,6
3189	15000	60	10	1,0E-5	60,0
3189	15000	60	15	0,1	86,0
3189	15000	60	15	0,01	88,2
3189	15000	60	15	0,001	77,0
3189	15000	60	15	1,0E-4	57,4
3189	15000	60	15	1,0E-5	54,2
3189	15000	60	20	0,1	86,6
3189	15000	60	20	0,01	81,0
3189	15000	60	20	0,001	70,6
3189	15000	60	20	1,0E-4	51,6
3189	15000	60	20	1,0E-5	55,4
3189	15000	60	25	0,1	86,8
3189	15000	60	25	0,01	87,6
3189	15000	60	25	0,001	74,2
3189	15000	60	25	1,0E-4	50,4
3189	15000	60	25	1,0E-5	46,2
3189	15000	60	30	0,1	73,0
3189	15000	60	30	0,01	84,0
3189	15000	60	30	0,001	77,8
3189	15000	60	30	1,0E-4	47,0
3189	15000	60	30	1,0E-5	49,6
3189	15000	60	40	0,1	81,4
3189	15000	60	40	0,01	79,0
3189	15000	60	40	0,001	73,2
3189	15000	60	40	1,0E-4	46,8
3189	15000	60	40	1,0E-5	42,6
3189	15000	60	50	0,1	85,2
3189	15000	60	50	0,01	81,6
3189	15000	60	50	0,001	67,6
3189	15000	60	50	1,0E-4	48,8
3189	15000	60	50	1,0E-5	44,0
3189	15000	60	60	0,1	76,4
3189	15000	60	60	0,01	80,0
3189	15000	60	60	0,001	76,4
3189	15000	60	60	1,0E-4	53,8
3189	15000	60	60	1,0E-5	49,0
3189	15000	60	70	0,1	84,8
3189	15000	60	70	0,01	82,2
3189	15000	60	70	0,001	64,8
3189	15000	60	70	1,0E-4	50,6
3189	15000	60	70	1,0E-5	56,6
3189	15000	70	5	0,1	95,8
3189	15000	70	5	0,01	94,8
3189	15000	70	5	0,001	88,6
3189	15000	70	5	1,0E-4	81,8
3189	15000	70	5	1,0E-5	77,2
3189	15000	70	10	0,1	91,8
3189	15000	70	10	0,01	93,2
3189	15000	70	10	0,001	83,8
3189	15000	70	10	1,0E-4	69,4
3189	15000	70	10	1,0E-5	61,8
3189	15000	70	15	0,1	89,8
3189	15000	70	15	0,01	91,2
3189	15000	70	15	0,001	75,6
3189	15000	70	15	1,0E-4	62,8
3189	15000	70	15	1,0E-5	50,6
3189	15000	70	20	0,1	88,4
3189	15000	70	20	0,01	79,6
3189	15000	70	20	0,001	76,2
3189	15000	70	20	1,0E-4	60,2
3189	15000	70	20	1,0E-5	49,0
3189	15000	70	25	0,1	87,6
3189	15000	70	25	0,01	84,4
3189	15000	70	25	0,001	69,6
3189	15000	70	25	1,0E-4	46,4
3189	15000	70	25	1,0E-5	49,6
3189	15000	70	30	0,1	83,8
3189	15000	70	30	0,01	89,0
3189	15000	70	30	0,001	67,2
3189	15000	70	30	1,0E-4	48,6
3189	15000	70	30	1,0E-5	48,4
3189	15000	70	40	0,1	77,2
3189	15000	70	40	0,01	84,2
3189	15000	70	40	0,001	68,8
3189	15000	70	40	1,0E-4	44,8
3189	15000	70	40	1,0E-5	47,2
3189	15000	70	50	0,1	85,4
3189	15000	70	50	0,01	86,0
3189	15000	70	50	0,001	67,6
3189	15000	70	50	1,0E-4	46,4
3189	15000	70	50	1,0E-5	45,0
3189	15000	70	60	0,1	82,8
3189	15000	70	60	0,01	86,0
3189	15000	70	60	0,001	68,2
3189	15000	70	60	1,0E-4	45,0
3189	15000	70	60	1,0E-5	48,0
3189	15000	70	70	0,1	78,2
3189	15000	70	70	0,01	71,8
3189	15000	70	70	0,001	63,8
3189	15000	70	70	1,0E-4	47,8
3189	15000	70	70	1,0E-5	56,4
13594	15000	10	5	0,1	81,0
13594	15000	10	5	0,01	79,6
13594	15000	10	5	0,001	76,0
13594	15000	10	5	1,0E-4	65,0
13594	15000	10	5	1,0E-5	65,0
13594	15000	10	10	0,1	77,6
13594	15000	10	10	0,01	73,2
13594	15000	10	10	0,001	69,6
13594	15000	10	10	1,0E-4	57,4
13594	15000	10	10	1,0E-5	54,2
13594	15000	10	15	0,1	81,0
13594	15000	10	15	0,01	71,2
13594	15000	10	15	0,001	59,2
13594	15000	10	15	1,0E-4	58,8
13594	15000	10	15	1,0E-5	56,6
13594	15000	10	20	0,1	74,0
13594	15000	10	20	0,01	73,8
13594	15000	10	20	0,001	57,4
13594	15000	10	20	1,0E-4	59,2
13594	15000	10	20	1,0E-5	55,0
13594	15000	10	25	0,1	78,2
13594	15000	10	25	0,01	69,6
13594	15000	10	25	0,001	59,4
13594	15000	10	25	1,0E-4	58,2
13594	15000	10	25	1,0E-5	55,0
13594	15000	10	30	0,1	77,2
13594	15000	10	30	0,01	73,0
13594	15000	10	30	0,001	55,2
13594	15000	10	30	1,0E-4	55,0
13594	15000	10	30	1,0E-5	58,6
13594	15000	10	40	0,1	75,6
13594	15000	10	40	0,01	68,0
13594	15000	10	40	0,001	56,8
13594	15000	10	40	1,0E-4	57,0
13594	15000	10	40	1,0E-5	59,0
13594	15000	10	50	0,1	72,8
13594	15000	10	50	0,01	65,6
13594	15000	10	50	0,001	58,0
13594	15000	10	50	1,0E-4	54,0
13594	15000	10	50	1,0E-5	54,0
13594	15000	10	60	0,1	68,2
13594	15000	10	60	0,01	66,2
13594	15000	10	60	0,001	55,4
13594	15000	10	60	1,0E-4	54,2
13594	15000	10	60	1,0E-5	55,0
13594	15000	10	70	0,1	70,8
13594	15000	10	70	0,01	64,6
13594	15000	10	70	0,001	57,8
13594	15000	10	70	1,0E-4	54,0
13594	15000	10	70	1,0E-5	57,0
13594	15000	20	5	0,1	79,2
13594	15000	20	5	0,01	80,6
13594	15000	20	5	0,001	77,8
13594	15000	20	5	1,0E-4	64,8
13594	15000	20	5	1,0E-5	63,8
13594	15000	20	10	0,1	78,0
13594	15000	20	10	0,01	77,4
13594	15000	20	10	0,001	62,2
13594	15000	20	10	1,0E-4	60,8
13594	15000	20	10	1,0E-5	63,8
13594	15000	20	15	0,1	81,0
13594	15000	20	15	0,01	75,4
13594	15000	20	15	0,001	67,4
13594	15000	20	15	1,0E-4	58,2
13594	15000	20	15	1,0E-5	58,4
13594	15000	20	20	0,1	74,4
13594	15000	20	20	0,01	74,0
13594	15000	20	20	0,001	57,2
13594	15000	20	20	1,0E-4	55,0
13594	15000	20	20	1,0E-5	56,4
13594	15000	20	25	0,1	73,2
13594	15000	20	25	0,01	64,2
13594	15000	20	25	0,001	61,6
13594	15000	20	25	1,0E-4	55,8
13594	15000	20	25	1,0E-5	56,8
13594	15000	20	30	0,1	74,2
13594	15000	20	30	0,01	70,4
13594	15000	20	30	0,001	58,6
13594	15000	20	30	1,0E-4	55,6
13594	15000	20	30	1,0E-5	55,2
13594	15000	20	40	0,1	80,0
13594	15000	20	40	0,01	65,8
13594	15000	20	40	0,001	55,2
13594	15000	20	40	1,0E-4	57,4
13594	15000	20	40	1,0E-5	55,4
13594	15000	20	50	0,1	72,8
13594	15000	20	50	0,01	61,0
13594	15000	20	50	0,001	57,4
13594	15000	20	50	1,0E-4	54,8
13594	15000	20	50	1,0E-5	57,4
13594	15000	20	60	0,1	76,0
13594	15000	20	60	0,01	62,2
13594	15000	20	60	0,001	56,4
13594	15000	20	60	1,0E-4	55,0
13594	15000	20	60	1,0E-5	55,6
13594	15000	20	70	0,1	71,6
13594	15000	20	70	0,01	65,4
13594	15000	20	70	0,001	57,6
13594	15000	20	70	1,0E-4	55,8
13594	15000	20	70	1,0E-5	56,4
13594	15000	30	5	0,1	81,0
13594	15000	30	5	0,01	79,2
13594	15000	30	5	0,001	79,0
13594	15000	30	5	1,0E-4	64,6
13594	15000	30	5	1,0E-5	61,6
13594	15000	30	10	0,1	77,8
13594	15000	30	10	0,01	73,4
13594	15000	30	10	0,001	66,0
13594	15000	30	10	1,0E-4	57,4
13594	15000	30	10	1,0E-5	56,2
13594	15000	30	15	0,1	75,4
13594	15000	30	15	0,01	69,2
13594	15000	30	15	0,001	62,4
13594	15000	30	15	1,0E-4	55,2
13594	15000	30	15	1,0E-5	56,2
13594	15000	30	20	0,1	77,0
13594	15000	30	20	0,01	68,4
13594	15000	30	20	0,001	60,6
13594	15000	30	20	1,0E-4	57,0
13594	15000	30	20	1,0E-5	56,8
13594	15000	30	25	0,1	79,4
13594	15000	30	25	0,01	66,0
13594	15000	30	25	0,001	57,0
13594	15000	30	25	1,0E-4	59,0
13594	15000	30	25	1,0E-5	55,0
13594	15000	30	30	0,1	80,0
13594	15000	30	30	0,01	65,4
13594	15000	30	30	0,001	59,2
13594	15000	30	30	1,0E-4	58,2
13594	15000	30	30	1,0E-5	56,6
13594	15000	30	40	0,1	69,4
13594	15000	30	40	0,01	69,6
13594	15000	30	40	0,001	59,2
13594	15000	30	40	1,0E-4	56,6
13594	15000	30	40	1,0E-5	55,0
13594	15000	30	50	0,1	74,0
13594	15000	30	50	0,01	62,6
13594	15000	30	50	0,001	60,2
13594	15000	30	50	1,0E-4	54,0
13594	15000	30	50	1,0E-5	58,2
13594	15000	30	60	0,1	73,4
13594	15000	30	60	0,01	69,4
13594	15000	30	60	0,001	58,6
13594	15000	30	60	1,0E-4	55,6
13594	15000	30	60	1,0E-5	54,2
13594	15000	30	70	0,1	69,2
13594	15000	30	70	0,01	67,2
13594	15000	30	70	0,001	57,2
13594	15000	30	70	1,0E-4	58,8
13594	15000	30	70	1,0E-5	55,6
13594	15000	40	5	0,1	80,0
13594	15000	40	5	0,01	79,6
13594	15000	40	5	0,001	73,6
13594	15000	40	5	1,0E-4	68,4
13594	15000	40	5	1,0E-5	64,8
13594	15000	40	10	0,1	77,8
13594	15000	40	10	0,01	73,2
13594	15000	40	10	0,001	65,8
13594	15000	40	10	1,0E-4	55,8
13594	15000	40	10	1,0E-5	59,2
13594	15000	40	15	0,1	79,2
13594	15000	40	15	0,01	65,8
13594	15000	40	15	0,001	59,6
13594	15000	40	15	1,0E-4	56,0
13594	15000	40	15	1,0E-5	54,8
13594	15000	40	20	0,1	75,2
13594	15000	40	20	0,01	63,8
13594	15000	40	20	0,001	66,0
13594	15000	40	20	1,0E-4	58,0
13594	15000	40	20	1,0E-5	55,8
13594	15000	40	25	0,1	76,0
13594	15000	40	25	0,01	62,2
13594	15000	40	25	0,001	57,0
13594	15000	40	25	1,0E-4	58,8
13594	15000	40	25	1,0E-5	57,0
13594	15000	40	30	0,1	70,6
13594	15000	40	30	0,01	67,8
13594	15000	40	30	0,001	55,0
13594	15000	40	30	1,0E-4	55,6
13594	15000	40	30	1,0E-5	56,4
13594	15000	40	40	0,1	73,8
13594	15000	40	40	0,01	67,0
13594	15000	40	40	0,001	58,8
13594	15000	40	40	1,0E-4	56,0
13594	15000	40	40	1,0E-5	55,2
13594	15000	40	50	0,1	73,8
13594	15000	40	50	0,01	70,6
13594	15000	40	50	0,001	58,8
13594	15000	40	50	1,0E-4	59,2
13594	15000	40	50	1,0E-5	56,2
13594	15000	40	60	0,1	73,6
13594	15000	40	60	0,01	66,4
13594	15000	40	60	0,001	58,0
13594	15000	40	60	1,0E-4	56,0
13594	15000	40	60	1,0E-5	56,0
13594	15000	40	70	0,1	64,6
13594	15000	40	70	0,01	68,6
13594	15000	40	70	0,001	57,4
13594	15000	40	70	1,0E-4	56,0
13594	15000	40	70	1,0E-5	55,6
13594	15000	50	5	0,1	81,0
13594	15000	50	5	0,01	79,8
13594	15000	50	5	0,001	78,0
13594	15000	50	5	1,0E-4	66,0
13594	15000	50	5	1,0E-5	65,8
13594	15000	50	10	0,1	80,2
13594	15000	50	10	0,01	78,8
13594	15000	50	10	0,001	65,0
13594	15000	50	10	1,0E-4	60,2
13594	15000	50	10	1,0E-5	58,4
13594	15000	50	15	0,1	69,0
13594	15000	50	15	0,01	71,0
13594	15000	50	15	0,001	61,2
13594	15000	50	15	1,0E-4	54,0
13594	15000	50	15	1,0E-5	56,4
13594	15000	50	20	0,1	72,4
13594	15000	50	20	0,01	74,2
13594	15000	50	20	0,001	61,8
13594	15000	50	20	1,0E-4	55,6
13594	15000	50	20	1,0E-5	56,2
13594	15000	50	25	0,1	70,8
13594	15000	50	25	0,01	74,4
13594	15000	50	25	0,001	59,6
13594	15000	50	25	1,0E-4	54,4
13594	15000	50	25	1,0E-5	57,2
13594	15000	50	30	0,1	65,8
13594	15000	50	30	0,01	62,0
13594	15000	50	30	0,001	58,4
13594	15000	50	30	1,0E-4	55,2
13594	15000	50	30	1,0E-5	56,8
13594	15000	50	40	0,1	67,4
13594	15000	50	40	0,01	70,2
13594	15000	50	40	0,001	57,8
13594	15000	50	40	1,0E-4	55,6
13594	15000	50	40	1,0E-5	55,2
13594	15000	50	50	0,1	68,6
13594	15000	50	50	0,01	74,0
13594	15000	50	50	0,001	54,4
13594	15000	50	50	1,0E-4	55,0
13594	15000	50	50	1,0E-5	54,0
13594	15000	50	60	0,1	69,2
13594	15000	50	60	0,01	61,4
13594	15000	50	60	0,001	57,0
13594	15000	50	60	1,0E-4	56,0
13594	15000	50	60	1,0E-5	55,4
13594	15000	50	70	0,1	65,4
13594	15000	50	70	0,01	62,0
13594	15000	50	70	0,001	56,8
13594	15000	50	70	1,0E-4	54,4
13594	15000	50	70	1,0E-5	54,0
13594	15000	60	5	0,1	76,6
13594	15000	60	5	0,01	77,8
13594	15000	60	5	0,001	77,6
13594	15000	60	5	1,0E-4	63,6
13594	15000	60	5	1,0E-5	64,0
13594	15000	60	10	0,1	79,4
13594	15000	60	10	0,01	72,8
13594	15000	60	10	0,001	66,0
13594	15000	60	10	1,0E-4	58,6
13594	15000	60	10	1,0E-5	58,8
13594	15000	60	15	0,1	68,6
13594	15000	60	15	0,01	71,8
13594	15000	60	15	0,001	59,2
13594	15000	60	15	1,0E-4	57,2
13594	15000	60	15	1,0E-5	57,2
13594	15000	60	20	0,1	69,2
13594	15000	60	20	0,01	72,0
13594	15000	60	20	0,001	58,8
13594	15000	60	20	1,0E-4	55,4
13594	15000	60	20	1,0E-5	59,2
13594	15000	60	25	0,1	73,0
13594	15000	60	25	0,01	65,8
13594	15000	60	25	0,001	56,4
13594	15000	60	25	1,0E-4	54,0
13594	15000	60	25	1,0E-5	59,4
13594	15000	60	30	0,1	68,2
13594	15000	60	30	0,01	68,8
13594	15000	60	30	0,001	61,8
13594	15000	60	30	1,0E-4	56,0
13594	15000	60	30	1,0E-5	55,4
13594	15000	60	40	0,1	71,2
13594	15000	60	40	0,01	72,2
13594	15000	60	40	0,001	58,0
13594	15000	60	40	1,0E-4	54,0
13594	15000	60	40	1,0E-5	55,0
13594	15000	60	50	0,1	73,4
13594	15000	60	50	0,01	59,2
13594	15000	60	50	0,001	57,2
13594	15000	60	50	1,0E-4	56,4
13594	15000	60	50	1,0E-5	55,6
13594	15000	60	60	0,1	73,8
13594	15000	60	60	0,01	60,8
13594	15000	60	60	0,001	61,0
13594	15000	60	60	1,0E-4	55,6
13594	15000	60	60	1,0E-5	55,0
13594	15000	60	70	0,1	66,8
13594	15000	60	70	0,01	67,0
13594	15000	60	70	0,001	58,2
13594	15000	60	70	1,0E-4	56,0
13594	15000	60	70	1,0E-5	55,6
13594	15000	70	5	0,1	77,8
13594	15000	70	5	0,01	79,4
13594	15000	70	5	0,001	69,4
13594	15000	70	5	1,0E-4	67,2
13594	15000	70	5	1,0E-5	68,6
13594	15000	70	10	0,1	74,6
13594	15000	70	10	0,01	76,6
13594	15000	70	10	0,001	65,2
13594	15000	70	10	1,0E-4	56,2
13594	15000	70	10	1,0E-5	55,4
13594	15000	70	15	0,1	68,2
13594	15000	70	15	0,01	63,8
13594	15000	70	15	0,001	62,2
13594	15000	70	15	1,0E-4	59,8
13594	15000	70	15	1,0E-5	57,6
13594	15000	70	20	0,1	78,4
13594	15000	70	20	0,01	71,8
13594	15000	70	20	0,001	62,8
13594	15000	70	20	1,0E-4	59,4
13594	15000	70	20	1,0E-5	57,6
13594	15000	70	25	0,1	69,6
13594	15000	70	25	0,01	70,8
13594	15000	70	25	0,001	64,8
13594	15000	70	25	1,0E-4	58,2
13594	15000	70	25	1,0E-5	57,2
13594	15000	70	30	0,1	67,4
13594	15000	70	30	0,01	68,4
13594	15000	70	30	0,001	57,6
13594	15000	70	30	1,0E-4	55,4
13594	15000	70	30	1,0E-5	55,6
13594	15000	70	40	0,1	66,0
13594	15000	70	40	0,01	75,6
13594	15000	70	40	0,001	61,2
13594	15000	70	40	1,0E-4	61,2
13594	15000	70	40	1,0E-5	55,6
13594	15000	70	50	0,1	71,6
13594	15000	70	50	0,01	71,2
13594	15000	70	50	0,001	58,2
13594	15000	70	50	1,0E-4	54,0
13594	15000	70	50	1,0E-5	55,0
13594	15000	70	60	0,1	67,6
13594	15000	70	60	0,01	63,0
13594	15000	70	60	0,001	60,4
13594	15000	70	60	1,0E-4	54,0
13594	15000	70	60	1,0E-5	55,0
13594	15000	70	70	0,1	64,0
13594	15000	70	70	0,01	64,6
13594	15000	70	70	0,001	57,6
13594	15000	70	70	1,0E-4	54,0
13594	15000	70	70	1,0E-5	55,0
4	15000	10	5	0,1	59,4
4	15000	10	5	0,01	56,6
4	15000	10	5	0,001	46,4
4	15000	10	5	1,0E-4	40,8
4	15000	10	5	1,0E-5	38,0
4	15000	10	10	0,1	57,2
4	15000	10	10	0,01	55,2
4	15000	10	10	0,001	44,2
4	15000	10	10	1,0E-4	35,6
4	15000	10	10	1,0E-5	29,6
4	15000	10	15	0,1	58,2
4	15000	10	15	0,01	54,2
4	15000	10	15	0,001	41,8
4	15000	10	15	1,0E-4	28,6
4	15000	10	15	1,0E-5	26,6
4	15000	10	20	0,1	56,2
4	15000	10	20	0,01	51,0
4	15000	10	20	0,001	41,2
4	15000	10	20	1,0E-4	27,2
4	15000	10	20	1,0E-5	28,8
4	15000	10	25	0,1	58,8
4	15000	10	25	0,01	51,2
4	15000	10	25	0,001	43,8
4	15000	10	25	1,0E-4	21,6
4	15000	10	25	1,0E-5	31,4
4	15000	10	30	0,1	57,2
4	15000	10	30	0,01	53,2
4	15000	10	30	0,001	42,6
4	15000	10	30	1,0E-4	23,6
4	15000	10	30	1,0E-5	27,6
4	15000	10	40	0,1	58,2
4	15000	10	40	0,01	47,6
4	15000	10	40	0,001	42,2
4	15000	10	40	1,0E-4	24,0
4	15000	10	40	1,0E-5	23,6
4	15000	10	50	0,1	51,4
4	15000	10	50	0,01	51,0
4	15000	10	50	0,001	37,8
4	15000	10	50	1,0E-4	28,6
4	15000	10	50	1,0E-5	22,2
4	15000	10	60	0,1	55,6
4	15000	10	60	0,01	51,4
4	15000	10	60	0,001	43,0
4	15000	10	60	1,0E-4	23,8
4	15000	10	60	1,0E-5	22,2
4	15000	10	70	0,1	51,8
4	15000	10	70	0,01	51,8
4	15000	10	70	0,001	39,4
4	15000	10	70	1,0E-4	25,8
4	15000	10	70	1,0E-5	24,2
4	15000	20	5	0,1	57,4
4	15000	20	5	0,01	60,0
4	15000	20	5	0,001	55,6
4	15000	20	5	1,0E-4	45,6
4	15000	20	5	1,0E-5	35,6
4	15000	20	10	0,1	58,0
4	15000	20	10	0,01	55,6
4	15000	20	10	0,001	48,6
4	15000	20	10	1,0E-4	38,2
4	15000	20	10	1,0E-5	32,4
4	15000	20	15	0,1	58,2
4	15000	20	15	0,01	52,6
4	15000	20	15	0,001	44,0
4	15000	20	15	1,0E-4	27,2
4	15000	20	15	1,0E-5	27,2
4	15000	20	20	0,1	57,2
4	15000	20	20	0,01	49,4
4	15000	20	20	0,001	44,0
4	15000	20	20	1,0E-4	23,8
4	15000	20	20	1,0E-5	25,2
4	15000	20	25	0,1	57,8
4	15000	20	25	0,01	54,8
4	15000	20	25	0,001	36,0
4	15000	20	25	1,0E-4	24,4
4	15000	20	25	1,0E-5	22,6
4	15000	20	30	0,1	59,2
4	15000	20	30	0,01	52,6
4	15000	20	30	0,001	41,2
4	15000	20	30	1,0E-4	28,8
4	15000	20	30	1,0E-5	21,0
4	15000	20	40	0,1	57,8
4	15000	20	40	0,01	51,6
4	15000	20	40	0,001	42,6
4	15000	20	40	1,0E-4	27,0
4	15000	20	40	1,0E-5	24,6
4	15000	20	50	0,1	54,8
4	15000	20	50	0,01	52,2
4	15000	20	50	0,001	45,2
4	15000	20	50	1,0E-4	30,2
4	15000	20	50	1,0E-5	31,2
4	15000	20	60	0,1	54,0
4	15000	20	60	0,01	50,8
4	15000	20	60	0,001	38,2
4	15000	20	60	1,0E-4	23,6
4	15000	20	60	1,0E-5	26,8
4	15000	20	70	0,1	50,6
4	15000	20	70	0,01	51,0
4	15000	20	70	0,001	31,6
4	15000	20	70	1,0E-4	21,2
4	15000	20	70	1,0E-5	26,4
4	15000	30	5	0,1	57,2
4	15000	30	5	0,01	56,8
4	15000	30	5	0,001	50,6
4	15000	30	5	1,0E-4	48,8
4	15000	30	5	1,0E-5	34,2
4	15000	30	10	0,1	58,2
4	15000	30	10	0,01	55,6
4	15000	30	10	0,001	47,2
4	15000	30	10	1,0E-4	33,2
4	15000	30	10	1,0E-5	30,0
4	15000	30	15	0,1	57,6
4	15000	30	15	0,01	55,0
4	15000	30	15	0,001	40,8
4	15000	30	15	1,0E-4	23,2
4	15000	30	15	1,0E-5	22,0
4	15000	30	20	0,1	56,0
4	15000	30	20	0,01	52,2
4	15000	30	20	0,001	40,4
4	15000	30	20	1,0E-4	28,0
4	15000	30	20	1,0E-5	23,4
4	15000	30	25	0,1	53,8
4	15000	30	25	0,01	53,0
4	15000	30	25	0,001	43,2
4	15000	30	25	1,0E-4	23,2
4	15000	30	25	1,0E-5	25,0
4	15000	30	30	0,1	52,4
4	15000	30	30	0,01	54,2
4	15000	30	30	0,001	40,2
4	15000	30	30	1,0E-4	21,4
4	15000	30	30	1,0E-5	30,0
4	15000	30	40	0,1	56,0
4	15000	30	40	0,01	47,4
4	15000	30	40	0,001	46,4
4	15000	30	40	1,0E-4	22,8
4	15000	30	40	1,0E-5	22,4
4	15000	30	50	0,1	54,0
4	15000	30	50	0,01	44,4
4	15000	30	50	0,001	38,6
4	15000	30	50	1,0E-4	21,8
4	15000	30	50	1,0E-5	21,0
4	15000	30	60	0,1	50,6
4	15000	30	60	0,01	49,0
4	15000	30	60	0,001	44,6
4	15000	30	60	1,0E-4	22,0
4	15000	30	60	1,0E-5	22,6
4	15000	30	70	0,1	58,0
4	15000	30	70	0,01	44,6
4	15000	30	70	0,001	35,8
4	15000	30	70	1,0E-4	27,0
4	15000	30	70	1,0E-5	27,4
4	15000	40	5	0,1	57,2
4	15000	40	5	0,01	58,2
4	15000	40	5	0,001	51,6
4	15000	40	5	1,0E-4	42,8
4	15000	40	5	1,0E-5	36,2
4	15000	40	10	0,1	53,8
4	15000	40	10	0,01	57,2
4	15000	40	10	0,001	47,4
4	15000	40	10	1,0E-4	29,8
4	15000	40	10	1,0E-5	28,8
4	15000	40	15	0,1	57,0
4	15000	40	15	0,01	55,0
4	15000	40	15	0,001	41,6
4	15000	40	15	1,0E-4	24,2
4	15000	40	15	1,0E-5	23,4
4	15000	40	20	0,1	54,2
4	15000	40	20	0,01	54,0
4	15000	40	20	0,001	35,6
4	15000	40	20	1,0E-4	28,8
4	15000	40	20	1,0E-5	27,2
4	15000	40	25	0,1	56,0
4	15000	40	25	0,01	45,6
4	15000	40	25	0,001	38,2
4	15000	40	25	1,0E-4	23,6
4	15000	40	25	1,0E-5	26,0
4	15000	40	30	0,1	54,8
4	15000	40	30	0,01	50,6
4	15000	40	30	0,001	42,0
4	15000	40	30	1,0E-4	26,2
4	15000	40	30	1,0E-5	29,6
4	15000	40	40	0,1	51,4
4	15000	40	40	0,01	52,4
4	15000	40	40	0,001	40,0
4	15000	40	40	1,0E-4	26,8
4	15000	40	40	1,0E-5	24,8
4	15000	40	50	0,1	52,4
4	15000	40	50	0,01	50,6
4	15000	40	50	0,001	32,4
4	15000	40	50	1,0E-4	24,6
4	15000	40	50	1,0E-5	24,8
4	15000	40	60	0,1	56,0
4	15000	40	60	0,01	53,4
4	15000	40	60	0,001	45,4
4	15000	40	60	1,0E-4	28,6
4	15000	40	60	1,0E-5	25,8
4	15000	40	70	0,1	54,6
4	15000	40	70	0,01	46,0
4	15000	40	70	0,001	42,0
4	15000	40	70	1,0E-4	25,0
4	15000	40	70	1,0E-5	23,8
4	15000	50	5	0,1	59,2
4	15000	50	5	0,01	58,4
4	15000	50	5	0,001	52,6
4	15000	50	5	1,0E-4	48,2
4	15000	50	5	1,0E-5	42,0
4	15000	50	10	0,1	56,2
4	15000	50	10	0,01	53,8
4	15000	50	10	0,001	47,0
4	15000	50	10	1,0E-4	32,4
4	15000	50	10	1,0E-5	26,4
4	15000	50	15	0,1	53,0
4	15000	50	15	0,01	57,2
4	15000	50	15	0,001	44,2
4	15000	50	15	1,0E-4	31,0
4	15000	50	15	1,0E-5	23,8
4	15000	50	20	0,1	54,8
4	15000	50	20	0,01	50,2
4	15000	50	20	0,001	36,8
4	15000	50	20	1,0E-4	27,6
4	15000	50	20	1,0E-5	23,4
4	15000	50	25	0,1	54,8
4	15000	50	25	0,01	51,2
4	15000	50	25	0,001	41,6
4	15000	50	25	1,0E-4	26,4
4	15000	50	25	1,0E-5	23,8
4	15000	50	30	0,1	53,8
4	15000	50	30	0,01	49,4
4	15000	50	30	0,001	38,6
4	15000	50	30	1,0E-4	27,4
4	15000	50	30	1,0E-5	27,4
4	15000	50	40	0,1	51,0
4	15000	50	40	0,01	50,8
4	15000	50	40	0,001	38,6
4	15000	50	40	1,0E-4	24,4
4	15000	50	40	1,0E-5	27,6
4	15000	50	50	0,1	51,0
4	15000	50	50	0,01	50,8
4	15000	50	50	0,001	39,8
4	15000	50	50	1,0E-4	25,0
4	15000	50	50	1,0E-5	28,0
4	15000	50	60	0,1	52,4
4	15000	50	60	0,01	46,4
4	15000	50	60	0,001	41,2
4	15000	50	60	1,0E-4	24,4
4	15000	50	60	1,0E-5	22,0
4	15000	50	70	0,1	53,6
4	15000	50	70	0,01	48,0
4	15000	50	70	0,001	38,8
4	15000	50	70	1,0E-4	25,2
4	15000	50	70	1,0E-5	22,2
4	15000	60	5	0,1	56,2
4	15000	60	5	0,01	59,0
4	15000	60	5	0,001	50,4
4	15000	60	5	1,0E-4	42,0
4	15000	60	5	1,0E-5	37,6
4	15000	60	10	0,1	57,6
4	15000	60	10	0,01	57,6
4	15000	60	10	0,001	45,8
4	15000	60	10	1,0E-4	30,6
4	15000	60	10	1,0E-5	31,2
4	15000	60	15	0,1	54,8
4	15000	60	15	0,01	52,0
4	15000	60	15	0,001	46,2
4	15000	60	15	1,0E-4	30,0
4	15000	60	15	1,0E-5	27,0
4	15000	60	20	0,1	52,0
4	15000	60	20	0,01	48,2
4	15000	60	20	0,001	42,8
4	15000	60	20	1,0E-4	30,2
4	15000	60	20	1,0E-5	23,0
4	15000	60	25	0,1	50,2
4	15000	60	25	0,01	47,6
4	15000	60	25	0,001	44,2
4	15000	60	25	1,0E-4	22,8
4	15000	60	25	1,0E-5	22,8
4	15000	60	30	0,1	55,4
4	15000	60	30	0,01	52,4
4	15000	60	30	0,001	35,4
4	15000	60	30	1,0E-4	23,2
4	15000	60	30	1,0E-5	26,2
4	15000	60	40	0,1	54,8
4	15000	60	40	0,01	46,2
4	15000	60	40	0,001	39,0
4	15000	60	40	1,0E-4	25,2
4	15000	60	40	1,0E-5	31,0
4	15000	60	50	0,1	48,8
4	15000	60	50	0,01	49,6
4	15000	60	50	0,001	42,4
4	15000	60	50	1,0E-4	27,6
4	15000	60	50	1,0E-5	26,4
4	15000	60	60	0,1	53,4
4	15000	60	60	0,01	51,4
4	15000	60	60	0,001	40,6
4	15000	60	60	1,0E-4	23,8
4	15000	60	60	1,0E-5	21,8
4	15000	60	70	0,1	55,2
4	15000	60	70	0,01	48,2
4	15000	60	70	0,001	38,2
4	15000	60	70	1,0E-4	22,4
4	15000	60	70	1,0E-5	23,8
4	15000	70	5	0,1	54,4
4	15000	70	5	0,01	58,2
4	15000	70	5	0,001	56,4
4	15000	70	5	1,0E-4	42,8
4	15000	70	5	1,0E-5	36,0
4	15000	70	10	0,1	50,6
4	15000	70	10	0,01	56,4
4	15000	70	10	0,001	46,4
4	15000	70	10	1,0E-4	32,0
4	15000	70	10	1,0E-5	26,4
4	15000	70	15	0,1	53,4
4	15000	70	15	0,01	49,8
4	15000	70	15	0,001	44,4
4	15000	70	15	1,0E-4	31,0
4	15000	70	15	1,0E-5	27,0
4	15000	70	20	0,1	52,2
4	15000	70	20	0,01	52,6
4	15000	70	20	0,001	42,4
4	15000	70	20	1,0E-4	26,0
4	15000	70	20	1,0E-5	28,6
4	15000	70	25	0,1	51,4
4	15000	70	25	0,01	45,0
4	15000	70	25	0,001	37,6
4	15000	70	25	1,0E-4	24,2
4	15000	70	25	1,0E-5	22,0
4	15000	70	30	0,1	53,0
4	15000	70	30	0,01	54,6
4	15000	70	30	0,001	41,6
4	15000	70	30	1,0E-4	23,6
4	15000	70	30	1,0E-5	22,8
4	15000	70	40	0,1	52,6
4	15000	70	40	0,01	46,2
4	15000	70	40	0,001	42,8
4	15000	70	40	1,0E-4	30,2
4	15000	70	40	1,0E-5	23,2
4	15000	70	50	0,1	54,0
4	15000	70	50	0,01	46,2
4	15000	70	50	0,001	39,0
4	15000	70	50	1,0E-4	25,8
4	15000	70	50	1,0E-5	21,2
4	15000	70	60	0,1	48,4
4	15000	70	60	0,01	47,0
4	15000	70	60	0,001	39,6
4	15000	70	60	1,0E-4	23,8
4	15000	70	60	1,0E-5	24,4
4	15000	70	70	0,1	53,6
4	15000	70	70	0,01	47,0
4	15000	70	70	0,001	39,0
4	15000	70	70	1,0E-4	25,2
4	15000	70	70	1,0E-5	26,0
