Media:15000 1 1 0.1 77.04
Media:15000 1 1 0.01 77.32000000000001
Media:15000 1 1 0.001 77.14
Media:15000 1 1 1.0E-5 77.08
Media:15000 1 3 0.1 77.08000000000001
Media:15000 5 1 1.0E-5 77.11999999999999
Media:15000 10 1 0.1 77.0
Media:15000 10 1 1.0E-5 77.1
Media:15000 20 1 0.001 77.24
Media:15000 30 1 0.01 77.22
Media:15000 30 1 1.0E-4 77.03999999999999
Media:15000 40 1 1.0E-4 77.16
Media:15000 40 1 1.0E-5 77.08000000000001
Media:15000 50 1 0.001 77.3
Media:15000 50 1 1.0E-4 77.0
Media:15000 60 1 1.0E-5 77.2
Media:15000 70 1 0.01 77.11999999999999
Media:15000 70 1 0.001 77.24000000000001

