MaxIts It/paso K lambda BeneficiosMedios
5000 1 1 0.1 77.1
5000 1 1 0.01 76.42
5000 1 1 0.001 76.67999999999999
5000 1 1 1.0E-4 77.0
5000 1 1 1.0E-5 76.76
5000 1 2 0.1 76.97999999999999
5000 1 2 0.01 76.64
5000 1 2 0.001 76.06
5000 1 2 1.0E-4 74.76
5000 1 2 1.0E-5 73.32000000000001
5000 1 3 0.1 76.25999999999999
5000 1 3 0.01 75.64
5000 1 3 0.001 74.52000000000001
5000 1 3 1.0E-4 69.38
5000 1 3 1.0E-5 66.76
5000 1 4 0.1 76.38
5000 1 4 0.01 75.17999999999999
5000 1 4 0.001 71.5
5000 1 4 1.0E-4 62.86
5000 1 4 1.0E-5 60.379999999999995
5000 1 5 0.1 77.02000000000001
5000 1 5 0.01 74.56
5000 1 5 0.001 67.86
5000 1 5 1.0E-4 55.81999999999999
5000 1 5 1.0E-5 55.6
5000 1 6 0.1 75.7
5000 1 6 0.01 73.28
5000 1 6 0.001 68.62
5000 1 6 1.0E-4 51.24000000000001
5000 1 6 1.0E-5 51.2
5000 1 7 0.1 76.08
5000 1 7 0.01 74.29999999999998
5000 1 7 0.001 61.93999999999998
5000 1 7 1.0E-4 48.99999999999999
5000 1 7 1.0E-5 47.8
5000 1 8 0.1 76.22000000000001
5000 1 8 0.01 73.05999999999999
5000 1 8 0.001 61.339999999999996
5000 1 8 1.0E-4 43.78
5000 1 8 1.0E-5 45.7
5000 1 9 0.1 75.74
5000 1 9 0.01 71.52000000000001
5000 1 9 0.001 60.67999999999999
5000 1 9 1.0E-4 41.96
5000 1 9 1.0E-5 42.17999999999999
5000 1 10 0.1 74.84
5000 1 10 0.01 71.55999999999999
5000 1 10 0.001 57.96
5000 1 10 1.0E-4 40.3
5000 1 10 1.0E-5 41.42
5000 1 15 0.1 75.7
5000 1 15 0.01 67.74
5000 1 15 0.001 53.11999999999999
5000 1 15 1.0E-4 38.739999999999995
5000 1 15 1.0E-5 37.82000000000001
5000 1 20 0.1 74.64
5000 1 20 0.01 67.42
5000 1 20 0.001 48.300000000000004
5000 1 20 1.0E-4 37.82
5000 1 20 1.0E-5 37.059999999999995
5000 1 25 0.1 74.36
5000 1 25 0.01 63.500000000000014
5000 1 25 0.001 48.56
5000 1 25 1.0E-4 36.68
5000 1 25 1.0E-5 36.6
5000 1 30 0.1 73.60000000000001
5000 1 30 0.01 64.53999999999999
5000 1 30 0.001 49.33999999999999
5000 1 30 1.0E-4 36.919999999999995
5000 1 30 1.0E-5 36.519999999999996
5000 1 40 0.1 72.9
5000 1 40 0.01 63.2
5000 1 40 0.001 46.42
5000 1 40 1.0E-4 37.72
5000 1 40 1.0E-5 37.160000000000004
5000 1 50 0.1 72.38
5000 1 50 0.01 60.160000000000004
5000 1 50 0.001 46.440000000000005
5000 1 50 1.0E-4 38.120000000000005
5000 1 50 1.0E-5 36.92
5000 1 60 0.1 71.47999999999999
5000 1 60 0.01 59.620000000000005
5000 1 60 0.001 45.019999999999996
5000 1 60 1.0E-4 37.39999999999999
5000 1 60 1.0E-5 36.22000000000001
5000 1 70 0.1 72.75999999999999
5000 1 70 0.01 58.82000000000001
5000 1 70 0.001 47.66000000000001
5000 1 70 1.0E-4 36.46
5000 1 70 1.0E-5 34.8
5000 5 1 0.1 77.03999999999999
5000 5 1 0.01 76.97999999999999
5000 5 1 0.001 76.66
5000 5 1 1.0E-4 77.08
5000 5 1 1.0E-5 76.52
5000 5 2 0.1 76.96000000000001
5000 5 2 0.01 76.53999999999999
5000 5 2 0.001 76.1
5000 5 2 1.0E-4 74.58000000000001
5000 5 2 1.0E-5 74.93999999999998
5000 5 3 0.1 76.84
5000 5 3 0.01 75.73999999999998
5000 5 3 0.001 75.04
5000 5 3 1.0E-4 69.3
5000 5 3 1.0E-5 68.76
5000 5 4 0.1 76.92
5000 5 4 0.01 74.4
5000 5 4 0.001 71.56
5000 5 4 1.0E-4 62.96
5000 5 4 1.0E-5 61.499999999999986
5000 5 5 0.1 76.08000000000001
5000 5 5 0.01 74.46000000000001
5000 5 5 0.001 69.61999999999999
5000 5 5 1.0E-4 57.31999999999999
5000 5 5 1.0E-5 52.94
5000 5 6 0.1 76.05999999999999
5000 5 6 0.01 74.97999999999999
5000 5 6 0.001 67.41999999999999
5000 5 6 1.0E-4 51.54
5000 5 6 1.0E-5 50.2
5000 5 7 0.1 75.98
5000 5 7 0.01 73.08
5000 5 7 0.001 62.480000000000004
5000 5 7 1.0E-4 49.620000000000005
5000 5 7 1.0E-5 47.21999999999999
5000 5 8 0.1 75.96000000000001
5000 5 8 0.01 72.47999999999999
5000 5 8 0.001 62.81999999999999
5000 5 8 1.0E-4 45.14
5000 5 8 1.0E-5 45.67999999999999
5000 5 9 0.1 75.53999999999999
5000 5 9 0.01 71.54
5000 5 9 0.001 58.720000000000006
5000 5 9 1.0E-4 46.120000000000005
5000 5 9 1.0E-5 43.3
5000 5 10 0.1 75.4
5000 5 10 0.01 72.03999999999999
5000 5 10 0.001 57.64
5000 5 10 1.0E-4 41.22
5000 5 10 1.0E-5 42.800000000000004
5000 5 15 0.1 75.3
5000 5 15 0.01 69.3
5000 5 15 0.001 52.4
5000 5 15 1.0E-4 40.2
5000 5 15 1.0E-5 38.36
5000 5 20 0.1 71.8
5000 5 20 0.01 67.24
5000 5 20 0.001 50.8
5000 5 20 1.0E-4 36.959999999999994
5000 5 20 1.0E-5 37.12
5000 5 25 0.1 72.56
5000 5 25 0.01 65.23999999999998
5000 5 25 0.001 50.519999999999996
5000 5 25 1.0E-4 36.16
5000 5 25 1.0E-5 37.339999999999996
5000 5 30 0.1 72.72
5000 5 30 0.01 63.480000000000004
5000 5 30 0.001 46.440000000000005
5000 5 30 1.0E-4 37.2
5000 5 30 1.0E-5 37.82000000000001
5000 5 40 0.1 72.60000000000002
5000 5 40 0.01 59.61999999999999
5000 5 40 0.001 48.019999999999996
5000 5 40 1.0E-4 36.3
5000 5 40 1.0E-5 35.9
5000 5 50 0.1 71.7
5000 5 50 0.01 60.080000000000005
5000 5 50 0.001 48.32000000000001
5000 5 50 1.0E-4 36.519999999999996
5000 5 50 1.0E-5 36.3
5000 5 60 0.1 71.00000000000001
5000 5 60 0.01 58.81999999999998
5000 5 60 0.001 45.279999999999994
5000 5 60 1.0E-4 34.220000000000006
5000 5 60 1.0E-5 36.980000000000004
5000 5 70 0.1 70.41999999999999
5000 5 70 0.01 57.9
5000 5 70 0.001 45.48
5000 5 70 1.0E-4 36.38
5000 5 70 1.0E-5 37.46
5000 10 1 0.1 77.02000000000001
5000 10 1 0.01 76.63999999999999
5000 10 1 0.001 76.49999999999999
5000 10 1 1.0E-4 77.17999999999999
5000 10 1 1.0E-5 76.66
5000 10 2 0.1 76.76000000000002
5000 10 2 0.01 76.16
5000 10 2 0.001 76.22
5000 10 2 1.0E-4 74.8
5000 10 2 1.0E-5 73.69999999999999
5000 10 3 0.1 76.78
5000 10 3 0.01 75.9
5000 10 3 0.001 74.92
5000 10 3 1.0E-4 69.16000000000001
5000 10 3 1.0E-5 68.3
5000 10 4 0.1 76.32000000000001
5000 10 4 0.01 75.38
5000 10 4 0.001 72.84
5000 10 4 1.0E-4 63.61999999999999
5000 10 4 1.0E-5 61.15999999999999
5000 10 5 0.1 76.46000000000001
5000 10 5 0.01 74.96000000000001
5000 10 5 0.001 69.16
5000 10 5 1.0E-4 55.92
5000 10 5 1.0E-5 53.48
5000 10 6 0.1 75.36
5000 10 6 0.01 74.16000000000001
5000 10 6 0.001 67.02000000000001
5000 10 6 1.0E-4 52.120000000000005
5000 10 6 1.0E-5 50.94
5000 10 7 0.1 75.32
5000 10 7 0.01 71.66
5000 10 7 0.001 65.2
5000 10 7 1.0E-4 49.99999999999999
5000 10 7 1.0E-5 47.64
5000 10 8 0.1 75.88
5000 10 8 0.01 72.3
5000 10 8 0.001 62.31999999999999
5000 10 8 1.0E-4 45.8
5000 10 8 1.0E-5 46.86
5000 10 9 0.1 75.42
5000 10 9 0.01 70.92
5000 10 9 0.001 60.760000000000005
5000 10 9 1.0E-4 43.480000000000004
5000 10 9 1.0E-5 43.02
5000 10 10 0.1 74.08000000000001
5000 10 10 0.01 70.28
5000 10 10 0.001 57.260000000000005
5000 10 10 1.0E-4 43.519999999999996
5000 10 10 1.0E-5 43.2
5000 10 15 0.1 73.67999999999999
5000 10 15 0.01 67.68000000000002
5000 10 15 0.001 52.92
5000 10 15 1.0E-4 39.4
5000 10 15 1.0E-5 37.92
5000 10 20 0.1 74.78
5000 10 20 0.01 64.67999999999999
5000 10 20 0.001 49.7
5000 10 20 1.0E-4 38.940000000000005
5000 10 20 1.0E-5 38.56
5000 10 25 0.1 72.52000000000001
5000 10 25 0.01 65.53999999999999
5000 10 25 0.001 47.2
5000 10 25 1.0E-4 37.18
5000 10 25 1.0E-5 38.78
5000 10 30 0.1 73.02
5000 10 30 0.01 61.84000000000001
5000 10 30 0.001 46.919999999999995
5000 10 30 1.0E-4 36.42
5000 10 30 1.0E-5 37.08
5000 10 40 0.1 72.7
5000 10 40 0.01 62.78000000000001
5000 10 40 0.001 46.580000000000005
5000 10 40 1.0E-4 36.68
5000 10 40 1.0E-5 35.54
5000 10 50 0.1 71.61999999999999
5000 10 50 0.01 59.96
5000 10 50 0.001 44.66000000000001
5000 10 50 1.0E-4 35.99999999999999
5000 10 50 1.0E-5 36.36
5000 10 60 0.1 71.74000000000001
5000 10 60 0.01 58.61999999999999
5000 10 60 0.001 47.58
5000 10 60 1.0E-4 36.86
5000 10 60 1.0E-5 34.1
5000 10 70 0.1 69.35999999999999
5000 10 70 0.01 58.44
5000 10 70 0.001 45.300000000000004
5000 10 70 1.0E-4 36.88
5000 10 70 1.0E-5 36.2
5000 20 1 0.1 76.94
5000 20 1 0.01 77.02000000000001
5000 20 1 0.001 76.53999999999999
5000 20 1 1.0E-4 76.74
5000 20 1 1.0E-5 76.76
5000 20 2 0.1 76.74
5000 20 2 0.01 76.55999999999999
5000 20 2 0.001 75.78
5000 20 2 1.0E-4 74.46000000000001
5000 20 2 1.0E-5 73.7
5000 20 3 0.1 76.08000000000001
5000 20 3 0.01 75.98
5000 20 3 0.001 74.62
5000 20 3 1.0E-4 68.72
5000 20 3 1.0E-5 68.46000000000001
5000 20 4 0.1 76.38
5000 20 4 0.01 75.86
5000 20 4 0.001 72.12
5000 20 4 1.0E-4 62.64
5000 20 4 1.0E-5 62.260000000000005
5000 20 5 0.1 76.34
5000 20 5 0.01 74.76
5000 20 5 0.001 70.6
5000 20 5 1.0E-4 55.30000000000001
5000 20 5 1.0E-5 55.879999999999995
5000 20 6 0.1 75.64
5000 20 6 0.01 72.62
5000 20 6 0.001 68.34
5000 20 6 1.0E-4 51.379999999999995
5000 20 6 1.0E-5 52.28000000000001
5000 20 7 0.1 75.14
5000 20 7 0.01 71.68
5000 20 7 0.001 63.19999999999999
5000 20 7 1.0E-4 46.86
5000 20 7 1.0E-5 45.279999999999994
5000 20 8 0.1 74.29999999999998
5000 20 8 0.01 72.74000000000001
5000 20 8 0.001 61.239999999999995
5000 20 8 1.0E-4 45.44
5000 20 8 1.0E-5 44.89999999999999
5000 20 9 0.1 74.86
5000 20 9 0.01 72.86
5000 20 9 0.001 59.44
5000 20 9 1.0E-4 44.08
5000 20 9 1.0E-5 43.059999999999995
5000 20 10 0.1 74.0
5000 20 10 0.01 70.18
5000 20 10 0.001 58.339999999999996
5000 20 10 1.0E-4 43.040000000000006
5000 20 10 1.0E-5 41.58
5000 20 15 0.1 71.78
5000 20 15 0.01 67.26
5000 20 15 0.001 52.040000000000006
5000 20 15 1.0E-4 37.239999999999995
5000 20 15 1.0E-5 40.279999999999994
5000 20 20 0.1 73.72
5000 20 20 0.01 65.44
5000 20 20 0.001 49.38000000000001
5000 20 20 1.0E-4 35.599999999999994
5000 20 20 1.0E-5 38.16
5000 20 25 0.1 71.30000000000001
5000 20 25 0.01 63.0
5000 20 25 0.001 49.14
5000 20 25 1.0E-4 36.32000000000001
5000 20 25 1.0E-5 36.839999999999996
5000 20 30 0.1 71.86
5000 20 30 0.01 61.02
5000 20 30 0.001 52.019999999999996
5000 20 30 1.0E-4 35.46
5000 20 30 1.0E-5 38.0
5000 20 40 0.1 72.16
5000 20 40 0.01 61.720000000000006
5000 20 40 0.001 45.160000000000004
5000 20 40 1.0E-4 35.64000000000001
5000 20 40 1.0E-5 37.78
5000 20 50 0.1 70.03999999999999
5000 20 50 0.01 61.11999999999999
5000 20 50 0.001 45.68000000000001
5000 20 50 1.0E-4 36.040000000000006
5000 20 50 1.0E-5 36.7
5000 20 60 0.1 69.6
5000 20 60 0.01 59.06
5000 20 60 0.001 46.339999999999996
5000 20 60 1.0E-4 35.980000000000004
5000 20 60 1.0E-5 34.779999999999994
5000 20 70 0.1 70.6
5000 20 70 0.01 59.0
5000 20 70 0.001 47.36
5000 20 70 1.0E-4 35.86
5000 20 70 1.0E-5 36.019999999999996
5000 30 1 0.1 76.76
5000 30 1 0.01 76.16
5000 30 1 0.001 76.08000000000001
5000 30 1 1.0E-4 76.94
5000 30 1 1.0E-5 76.96
5000 30 2 0.1 76.53999999999999
5000 30 2 0.01 76.02
5000 30 2 0.001 75.75999999999999
5000 30 2 1.0E-4 74.92
5000 30 2 1.0E-5 73.61999999999999
5000 30 3 0.1 76.03999999999999
5000 30 3 0.01 75.14000000000001
5000 30 3 0.001 73.44000000000001
5000 30 3 1.0E-4 68.44
5000 30 3 1.0E-5 67.58000000000001
5000 30 4 0.1 76.06
5000 30 4 0.01 75.14
5000 30 4 0.001 72.03999999999999
5000 30 4 1.0E-4 63.24000000000001
5000 30 4 1.0E-5 61.36
5000 30 5 0.1 75.45999999999998
5000 30 5 0.01 74.50000000000001
5000 30 5 0.001 69.52
5000 30 5 1.0E-4 56.339999999999996
5000 30 5 1.0E-5 54.679999999999986
5000 30 6 0.1 75.1
5000 30 6 0.01 73.22
5000 30 6 0.001 66.24
5000 30 6 1.0E-4 53.019999999999996
5000 30 6 1.0E-5 51.92
5000 30 7 0.1 74.4
5000 30 7 0.01 72.03999999999999
5000 30 7 0.001 63.5
5000 30 7 1.0E-4 49.36
5000 30 7 1.0E-5 45.4
5000 30 8 0.1 74.58000000000001
5000 30 8 0.01 72.08
5000 30 8 0.001 62.260000000000005
5000 30 8 1.0E-4 46.739999999999995
5000 30 8 1.0E-5 44.120000000000005
5000 30 9 0.1 74.4
5000 30 9 0.01 70.96
5000 30 9 0.001 59.839999999999996
5000 30 9 1.0E-4 43.5
5000 30 9 1.0E-5 44.78
5000 30 10 0.1 71.67999999999999
5000 30 10 0.01 70.52
5000 30 10 0.001 58.0
5000 30 10 1.0E-4 41.279999999999994
5000 30 10 1.0E-5 43.160000000000004
5000 30 15 0.1 71.9
5000 30 15 0.01 66.0
5000 30 15 0.001 51.67999999999999
5000 30 15 1.0E-4 39.42
5000 30 15 1.0E-5 39.019999999999996
5000 30 20 0.1 70.86
5000 30 20 0.01 64.82
5000 30 20 0.001 49.88
5000 30 20 1.0E-4 35.38
5000 30 20 1.0E-5 36.64
5000 30 25 0.1 71.88000000000001
5000 30 25 0.01 64.1
5000 30 25 0.001 49.98
5000 30 25 1.0E-4 39.220000000000006
5000 30 25 1.0E-5 34.879999999999995
5000 30 30 0.1 69.72
5000 30 30 0.01 64.1
5000 30 30 0.001 47.459999999999994
5000 30 30 1.0E-4 36.86
5000 30 30 1.0E-5 36.72
5000 30 40 0.1 70.1
5000 30 40 0.01 61.660000000000004
5000 30 40 0.001 48.54
5000 30 40 1.0E-4 36.36
5000 30 40 1.0E-5 36.22
5000 30 50 0.1 69.70000000000002
5000 30 50 0.01 59.54
5000 30 50 0.001 44.54
5000 30 50 1.0E-4 36.02
5000 30 50 1.0E-5 34.959999999999994
5000 30 60 0.1 69.4
5000 30 60 0.01 57.98
5000 30 60 0.001 46.11999999999999
5000 30 60 1.0E-4 36.379999999999995
5000 30 60 1.0E-5 34.98
5000 30 70 0.1 68.9
5000 30 70 0.01 58.34000000000001
5000 30 70 0.001 45.080000000000005
5000 30 70 1.0E-4 36.82000000000001
5000 30 70 1.0E-5 36.92
5000 40 1 0.1 77.03999999999999
5000 40 1 0.01 76.24
5000 40 1 0.001 76.64
5000 40 1 1.0E-4 77.02
5000 40 1 1.0E-5 76.74
5000 40 2 0.1 76.26
5000 40 2 0.01 76.47999999999999
5000 40 2 0.001 76.46000000000001
5000 40 2 1.0E-4 74.84
5000 40 2 1.0E-5 73.58
5000 40 3 0.1 75.44
5000 40 3 0.01 75.74
5000 40 3 0.001 74.06
5000 40 3 1.0E-4 69.18
5000 40 3 1.0E-5 68.55999999999999
5000 40 4 0.1 75.32
5000 40 4 0.01 74.7
5000 40 4 0.001 72.1
5000 40 4 1.0E-4 62.75999999999999
5000 40 4 1.0E-5 60.1
5000 40 5 0.1 74.34
5000 40 5 0.01 74.32000000000001
5000 40 5 0.001 68.44000000000001
5000 40 5 1.0E-4 55.94
5000 40 5 1.0E-5 55.06
5000 40 6 0.1 74.96000000000001
5000 40 6 0.01 73.49999999999999
5000 40 6 0.001 63.8
5000 40 6 1.0E-4 52.839999999999996
5000 40 6 1.0E-5 49.28
5000 40 7 0.1 73.80000000000001
5000 40 7 0.01 72.42
5000 40 7 0.001 62.000000000000014
5000 40 7 1.0E-4 48.8
5000 40 7 1.0E-5 48.620000000000005
5000 40 8 0.1 74.3
5000 40 8 0.01 70.28
5000 40 8 0.001 61.06
5000 40 8 1.0E-4 46.18
5000 40 8 1.0E-5 45.459999999999994
5000 40 9 0.1 72.44
5000 40 9 0.01 71.02000000000001
5000 40 9 0.001 59.0
5000 40 9 1.0E-4 44.019999999999996
5000 40 9 1.0E-5 44.03999999999999
5000 40 10 0.1 73.36000000000001
5000 40 10 0.01 70.52000000000001
5000 40 10 0.001 59.52000000000002
5000 40 10 1.0E-4 41.56
5000 40 10 1.0E-5 40.4
5000 40 15 0.1 70.7
5000 40 15 0.01 65.96000000000001
5000 40 15 0.001 54.4
5000 40 15 1.0E-4 38.440000000000005
5000 40 15 1.0E-5 37.68
5000 40 20 0.1 70.6
5000 40 20 0.01 64.8
5000 40 20 0.001 49.059999999999995
5000 40 20 1.0E-4 37.92
5000 40 20 1.0E-5 38.24
5000 40 25 0.1 69.78
5000 40 25 0.01 62.70000000000001
5000 40 25 0.001 48.72
5000 40 25 1.0E-4 37.02
5000 40 25 1.0E-5 36.64
5000 40 30 0.1 69.19999999999999
5000 40 30 0.01 63.44
5000 40 30 0.001 49.339999999999996
5000 40 30 1.0E-4 36.260000000000005
5000 40 30 1.0E-5 37.2
5000 40 40 0.1 68.64000000000001
5000 40 40 0.01 61.279999999999994
5000 40 40 0.001 47.58
5000 40 40 1.0E-4 37.1
5000 40 40 1.0E-5 34.519999999999996
5000 40 50 0.1 68.17999999999999
5000 40 50 0.01 56.94000000000001
5000 40 50 0.001 46.84
5000 40 50 1.0E-4 35.28
5000 40 50 1.0E-5 35.339999999999996
5000 40 60 0.1 68.03999999999999
5000 40 60 0.01 55.239999999999995
5000 40 60 0.001 46.17999999999999
5000 40 60 1.0E-4 35.9
5000 40 60 1.0E-5 36.12
5000 40 70 0.1 67.64
5000 40 70 0.01 59.05999999999999
5000 40 70 0.001 46.72
5000 40 70 1.0E-4 35.5
5000 40 70 1.0E-5 36.46
5000 50 1 0.1 77.08
5000 50 1 0.01 76.41999999999999
5000 50 1 0.001 76.74
5000 50 1 1.0E-4 77.14000000000001
5000 50 1 1.0E-5 76.6
5000 50 2 0.1 76.06
5000 50 2 0.01 76.44
5000 50 2 0.001 76.46000000000001
5000 50 2 1.0E-4 74.74
5000 50 2 1.0E-5 73.29999999999998
5000 50 3 0.1 76.04
5000 50 3 0.01 76.02000000000001
5000 50 3 0.001 74.55999999999999
5000 50 3 1.0E-4 69.9
5000 50 3 1.0E-5 68.00000000000001
5000 50 4 0.1 75.6
5000 50 4 0.01 75.58
5000 50 4 0.001 71.64
5000 50 4 1.0E-4 63.71999999999999
5000 50 4 1.0E-5 61.34000000000001
5000 50 5 0.1 75.12
5000 50 5 0.01 75.2
5000 50 5 0.001 67.98
5000 50 5 1.0E-4 54.7
5000 50 5 1.0E-5 55.2
5000 50 6 0.1 73.64
5000 50 6 0.01 71.82
5000 50 6 0.001 67.72
5000 50 6 1.0E-4 52.080000000000005
5000 50 6 1.0E-5 50.720000000000006
5000 50 7 0.1 72.80000000000001
5000 50 7 0.01 74.02
5000 50 7 0.001 61.580000000000005
5000 50 7 1.0E-4 50.53999999999999
5000 50 7 1.0E-5 47.339999999999996
5000 50 8 0.1 72.84
5000 50 8 0.01 71.06
5000 50 8 0.001 63.000000000000014
5000 50 8 1.0E-4 46.06
5000 50 8 1.0E-5 44.17999999999999
5000 50 9 0.1 72.28
5000 50 9 0.01 71.36
5000 50 9 0.001 58.4
5000 50 9 1.0E-4 44.12
5000 50 9 1.0E-5 42.599999999999994
5000 50 10 0.1 73.6
5000 50 10 0.01 67.26
5000 50 10 0.001 55.92
5000 50 10 1.0E-4 41.5
5000 50 10 1.0E-5 40.8
5000 50 15 0.1 69.22
5000 50 15 0.01 64.36
5000 50 15 0.001 51.720000000000006
5000 50 15 1.0E-4 40.17999999999999
5000 50 15 1.0E-5 38.9
5000 50 20 0.1 66.82
5000 50 20 0.01 63.839999999999996
5000 50 20 0.001 48.78
5000 50 20 1.0E-4 36.839999999999996
5000 50 20 1.0E-5 37.739999999999995
5000 50 25 0.1 68.9
5000 50 25 0.01 63.88000000000001
5000 50 25 0.001 50.58
5000 50 25 1.0E-4 38.160000000000004
5000 50 25 1.0E-5 37.94
5000 50 30 0.1 66.58
5000 50 30 0.01 60.179999999999986
5000 50 30 0.001 49.660000000000004
5000 50 30 1.0E-4 36.459999999999994
5000 50 30 1.0E-5 37.36
5000 50 40 0.1 68.16
5000 50 40 0.01 60.839999999999996
5000 50 40 0.001 46.32000000000001
5000 50 40 1.0E-4 35.8
5000 50 40 1.0E-5 35.7
5000 50 50 0.1 66.64
5000 50 50 0.01 58.739999999999995
5000 50 50 0.001 48.96
5000 50 50 1.0E-4 37.38000000000001
5000 50 50 1.0E-5 37.14
5000 50 60 0.1 65.89999999999999
5000 50 60 0.01 58.540000000000006
5000 50 60 0.001 45.480000000000004
5000 50 60 1.0E-4 35.86
5000 50 60 1.0E-5 36.720000000000006
5000 50 70 0.1 66.62
5000 50 70 0.01 59.08
5000 50 70 0.001 46.00000000000001
5000 50 70 1.0E-4 34.84
5000 50 70 1.0E-5 35.120000000000005
5000 60 1 0.1 77.14
5000 60 1 0.01 76.72
5000 60 1 0.001 76.64
5000 60 1 1.0E-4 77.05999999999999
5000 60 1 1.0E-5 76.88000000000001
5000 60 2 0.1 75.99999999999999
5000 60 2 0.01 76.58
5000 60 2 0.001 76.34
5000 60 2 1.0E-4 74.94
5000 60 2 1.0E-5 74.22
5000 60 3 0.1 75.36000000000001
5000 60 3 0.01 75.78
5000 60 3 0.001 73.74000000000001
5000 60 3 1.0E-4 69.84
5000 60 3 1.0E-5 67.78
5000 60 4 0.1 74.28
5000 60 4 0.01 75.30000000000001
5000 60 4 0.001 71.74
5000 60 4 1.0E-4 62.0
5000 60 4 1.0E-5 61.3
5000 60 5 0.1 74.48
5000 60 5 0.01 74.34
5000 60 5 0.001 69.32000000000001
5000 60 5 1.0E-4 56.44
5000 60 5 1.0E-5 55.2
5000 60 6 0.1 73.16
5000 60 6 0.01 71.75999999999999
5000 60 6 0.001 66.84
5000 60 6 1.0E-4 50.50000000000001
5000 60 6 1.0E-5 51.52
5000 60 7 0.1 72.66000000000001
5000 60 7 0.01 72.06
5000 60 7 0.001 63.32000000000001
5000 60 7 1.0E-4 50.42
5000 60 7 1.0E-5 48.760000000000005
5000 60 8 0.1 72.2
5000 60 8 0.01 71.14
5000 60 8 0.001 60.480000000000004
5000 60 8 1.0E-4 46.92
5000 60 8 1.0E-5 46.559999999999995
5000 60 9 0.1 71.88
5000 60 9 0.01 69.50000000000001
5000 60 9 0.001 59.239999999999995
5000 60 9 1.0E-4 43.519999999999996
5000 60 9 1.0E-5 41.480000000000004
5000 60 10 0.1 71.62
5000 60 10 0.01 68.8
5000 60 10 0.001 57.14
5000 60 10 1.0E-4 40.48
5000 60 10 1.0E-5 42.67999999999999
5000 60 15 0.1 69.33999999999999
5000 60 15 0.01 66.28
5000 60 15 0.001 55.0
5000 60 15 1.0E-4 38.800000000000004
5000 60 15 1.0E-5 38.260000000000005
5000 60 20 0.1 65.6
5000 60 20 0.01 65.32
5000 60 20 0.001 50.9
5000 60 20 1.0E-4 37.959999999999994
5000 60 20 1.0E-5 38.28
5000 60 25 0.1 67.47999999999999
5000 60 25 0.01 65.24
5000 60 25 0.001 49.739999999999995
5000 60 25 1.0E-4 37.58
5000 60 25 1.0E-5 35.82
5000 60 30 0.1 66.44
5000 60 30 0.01 60.279999999999994
5000 60 30 0.001 49.74
5000 60 30 1.0E-4 37.220000000000006
5000 60 30 1.0E-5 36.04
5000 60 40 0.1 67.2
5000 60 40 0.01 60.90000000000001
5000 60 40 0.001 48.88000000000001
5000 60 40 1.0E-4 35.89999999999999
5000 60 40 1.0E-5 34.64
5000 60 50 0.1 66.78
5000 60 50 0.01 59.88000000000001
5000 60 50 0.001 48.1
5000 60 50 1.0E-4 36.92
5000 60 50 1.0E-5 36.660000000000004
5000 60 60 0.1 65.02000000000001
5000 60 60 0.01 60.460000000000015
5000 60 60 0.001 44.980000000000004
5000 60 60 1.0E-4 37.46
5000 60 60 1.0E-5 35.76
5000 60 70 0.1 65.92
5000 60 70 0.01 58.379999999999995
5000 60 70 0.001 44.040000000000006
5000 60 70 1.0E-4 35.44
5000 60 70 1.0E-5 34.059999999999995
5000 70 1 0.1 76.52
5000 70 1 0.01 76.58
5000 70 1 0.001 77.12
5000 70 1 1.0E-4 76.73999999999998
5000 70 1 1.0E-5 76.7
5000 70 2 0.1 75.80000000000001
5000 70 2 0.01 76.24000000000001
5000 70 2 0.001 76.16
5000 70 2 1.0E-4 74.62000000000002
5000 70 2 1.0E-5 74.12
5000 70 3 0.1 75.16
5000 70 3 0.01 74.74000000000001
5000 70 3 0.001 74.58
5000 70 3 1.0E-4 68.75999999999999
5000 70 3 1.0E-5 67.42
5000 70 4 0.1 74.78
5000 70 4 0.01 75.36
5000 70 4 0.001 71.68
5000 70 4 1.0E-4 62.36
5000 70 4 1.0E-5 60.779999999999994
5000 70 5 0.1 73.14
5000 70 5 0.01 73.7
5000 70 5 0.001 68.18
5000 70 5 1.0E-4 58.39999999999999
5000 70 5 1.0E-5 55.3
5000 70 6 0.1 72.55999999999999
5000 70 6 0.01 72.2
5000 70 6 0.001 65.6
5000 70 6 1.0E-4 52.120000000000005
5000 70 6 1.0E-5 51.42
5000 70 7 0.1 72.6
5000 70 7 0.01 71.16
5000 70 7 0.001 63.35999999999999
5000 70 7 1.0E-4 49.980000000000004
5000 70 7 1.0E-5 46.2
5000 70 8 0.1 71.34
5000 70 8 0.01 71.36
5000 70 8 0.001 61.44
5000 70 8 1.0E-4 46.46
5000 70 8 1.0E-5 43.42
5000 70 9 0.1 71.76
5000 70 9 0.01 69.46
5000 70 9 0.001 60.459999999999994
5000 70 9 1.0E-4 42.06
5000 70 9 1.0E-5 41.84
5000 70 10 0.1 70.44000000000001
5000 70 10 0.01 69.46
5000 70 10 0.001 56.56
5000 70 10 1.0E-4 42.14
5000 70 10 1.0E-5 40.92
5000 70 15 0.1 69.28
5000 70 15 0.01 64.55999999999999
5000 70 15 0.001 52.48
5000 70 15 1.0E-4 38.5
5000 70 15 1.0E-5 39.440000000000005
5000 70 20 0.1 68.22
5000 70 20 0.01 62.64000000000001
5000 70 20 0.001 49.04
5000 70 20 1.0E-4 37.86
5000 70 20 1.0E-5 37.68
5000 70 25 0.1 66.17999999999999
5000 70 25 0.01 61.64000000000001
5000 70 25 0.001 48.04
5000 70 25 1.0E-4 36.28
5000 70 25 1.0E-5 36.239999999999995
5000 70 30 0.1 66.86
5000 70 30 0.01 61.48
5000 70 30 0.001 49.2
5000 70 30 1.0E-4 36.040000000000006
5000 70 30 1.0E-5 36.9
5000 70 40 0.1 65.72
5000 70 40 0.01 60.6
5000 70 40 0.001 48.660000000000004
5000 70 40 1.0E-4 35.74
5000 70 40 1.0E-5 36.39999999999999
5000 70 50 0.1 64.22000000000001
5000 70 50 0.01 60.46
5000 70 50 0.001 46.2
5000 70 50 1.0E-4 36.4
5000 70 50 1.0E-5 33.64
5000 70 60 0.1 64.64
5000 70 60 0.01 57.959999999999994
5000 70 60 0.001 47.78
5000 70 60 1.0E-4 36.339999999999996
5000 70 60 1.0E-5 34.84
5000 70 70 0.1 64.5
5000 70 70 0.01 56.3
5000 70 70 0.001 47.11999999999999
5000 70 70 1.0E-4 35.34
5000 70 70 1.0E-5 35.660000000000004
